rFactor	fee
0	1503833623506882
1000000000000000	1503833966228991
2000000000000000	1503834310184179
3000000000000000	1503834655378370
4000000000000000	1503835001817519
5000000000000000	1503835349507621
6000000000000000	1503835698454705
7000000000000000	1503836048664836
8000000000000000	1503836400144117
9000000000000000	1503836752898687
10000000000000000	1503837106934723
11000000000000000	1503837462258439
12000000000000000	1503837818876086
13000000000000000	1503838176793954
14000000000000000	1503838536018370
15000000000000000	1503838896555701
16000000000000000	1503839258412353
17000000000000000	1503839621594769
18000000000000000	1503839986109433
19000000000000000	1503840351962869
20000000000000000	1503840719161639
21000000000000000	1503841087712348
22000000000000000	1503841457621640
23000000000000000	1503841828896199
24000000000000000	1503842201542753
25000000000000000	1503842575568067
26000000000000000	1503842950978953
27000000000000000	1503843327782262
28000000000000000	1503843705984887
29000000000000000	1503844085593765
30000000000000000	1503844466615876
31000000000000000	1503844849058242
32000000000000000	1503845232927931
33000000000000000	1503845618232054
34000000000000000	1503846004977764
35000000000000000	1503846393172263
36000000000000000	1503846782822794
37000000000000000	1503847173936648
38000000000000000	1503847566521161
39000000000000000	1503847960583713
40000000000000000	1503848356131734
41000000000000000	1503848753172697
42000000000000000	1503849151714126
43000000000000000	1503849551763589
44000000000000000	1503849953328703
45000000000000000	1503850356417133
46000000000000000	1503850761036594
47000000000000000	1503851167194848
48000000000000000	1503851574899707
49000000000000000	1503851984159032
50000000000000000	1503852394980735
51000000000000000	1503852807372778
52000000000000000	1503853221343174
53000000000000000	1503853636899986
54000000000000000	1503854054051330
55000000000000000	1503854472805373
56000000000000000	1503854893170335
57000000000000000	1503855315154489
58000000000000000	1503855738766159
59000000000000000	1503856164013726
60000000000000000	1503856590905623
61000000000000000	1503857019450337
62000000000000000	1503857449656410
63000000000000000	1503857881532441
64000000000000000	1503858315087083
65000000000000000	1503858750329045
66000000000000000	1503859187267093
67000000000000000	1503859625910051
68000000000000000	1503860066266799
69000000000000000	1503860508346275
70000000000000000	1503860952157476
71000000000000000	1503861397709458
72000000000000000	1503861845011335
73000000000000000	1503862294072282
74000000000000000	1503862744901534
75000000000000000	1503863197508385
76000000000000000	1503863651902193
77000000000000000	1503864108092377
78000000000000000	1503864566088415
79000000000000000	1503865025899851
80000000000000000	1503865487536291
81000000000000000	1503865951007405
82000000000000000	1503866416322926
83000000000000000	1503866883492653
84000000000000000	1503867352526449
85000000000000000	1503867823434244
86000000000000000	1503868296226033
87000000000000000	1503868770911878
88000000000000000	1503869247501909
89000000000000000	1503869726006322
90000000000000000	1503870206435384
91000000000000000	1503870688799428
92000000000000000	1503871173108858
93000000000000000	1503871659374149
94000000000000000	1503872147605845
95000000000000000	1503872637814561
96000000000000000	1503873130010985
97000000000000000	1503873624205876
98000000000000000	1503874120410067
99000000000000000	1503874618634464
100000000000000000	1503875118890046
101000000000000000	1503875621187870
102000000000000000	1503876125539064
103000000000000000	1503876631954835
104000000000000000	1503877140446465
105000000000000000	1503877651025314
106000000000000000	1503878163702820
107000000000000000	1503878678490498
108000000000000000	1503879195399943
109000000000000000	1503879714442831
110000000000000000	1503880235630916
111000000000000000	1503880758976035
112000000000000000	1503881284490106
113000000000000000	1503881812185128
114000000000000000	1503882342073186
115000000000000000	1503882874166447
116000000000000000	1503883408477162
117000000000000000	1503883945017668
118000000000000000	1503884483800389
119000000000000000	1503885024837834
120000000000000000	1503885568142599
121000000000000000	1503886113727370
122000000000000000	1503886661604920
123000000000000000	1503887211788113
124000000000000000	1503887764289902
125000000000000000	1503888319123331
126000000000000000	1503888876301539
127000000000000000	1503889435837753
128000000000000000	1503889997745296
129000000000000000	1503890562037586
130000000000000000	1503891128728134
131000000000000000	1503891697830547
132000000000000000	1503892269358530
133000000000000000	1503892843325885
134000000000000000	1503893419746512
135000000000000000	1503893998634410
136000000000000000	1503894580003678
137000000000000000	1503895163868517
138000000000000000	1503895750243227
139000000000000000	1503896339142214
140000000000000000	1503896930579984
141000000000000000	1503897524571151
142000000000000000	1503898121130431
143000000000000000	1503898720272649
144000000000000000	1503899322012734
145000000000000000	1503899926365726
146000000000000000	1503900533346772
147000000000000000	1503901142971129
148000000000000000	1503901755254167
149000000000000000	1503902370211366
150000000000000000	1503902987858318
151000000000000000	1503903608210731
152000000000000000	1503904231284425
153000000000000000	1503904857095340
154000000000000000	1503905485659528
155000000000000000	1503906116993163
156000000000000000	1503906751112535
157000000000000000	1503907388034056
158000000000000000	1503908027774257
159000000000000000	1503908670349792
160000000000000000	1503909315777440
161000000000000000	1503909964074101
162000000000000000	1503910615256803
163000000000000000	1503911269342698
164000000000000000	1503911926349068
165000000000000000	1503912586293323
166000000000000000	1503913249193002
167000000000000000	1503913915065776
168000000000000000	1503914583929449
169000000000000000	1503915255801956
170000000000000000	1503915930701368
171000000000000000	1503916608645893
172000000000000000	1503917289653874
173000000000000000	1503917973743795
174000000000000000	1503918660934276
175000000000000000	1503919351244080
176000000000000000	1503920044692113
177000000000000000	1503920741297423
178000000000000000	1503921441079202
179000000000000000	1503922144056789
180000000000000000	1503922850249672
181000000000000000	1503923559677485
182000000000000000	1503924272360013
183000000000000000	1503924988317193
184000000000000000	1503925707569115
185000000000000000	1503926430136023
186000000000000000	1503927156038315
187000000000000000	1503927885296549
188000000000000000	1503928617931440
189000000000000000	1503929353963863
190000000000000000	1503930093414855
191000000000000000	1503930836305615
192000000000000000	1503931582657510
193000000000000000	1503932332492068
194000000000000000	1503933085830988
195000000000000000	1503933842696138
196000000000000000	1503934603109555
197000000000000000	1503935367093451
198000000000000000	1503936134670210
199000000000000000	1503936905862392
200000000000000000	1503937680692735
201000000000000000	1503938459184156
202000000000000000	1503939241359752
203000000000000000	1503940027242803
204000000000000000	1503940816856773
205000000000000000	1503941610225311
206000000000000000	1503942407372256
207000000000000000	1503943208321633
208000000000000000	1503944013097661
209000000000000000	1503944821724751
210000000000000000	1503945634227510
211000000000000000	1503946450630740
212000000000000000	1503947270959443
213000000000000000	1503948095238821
214000000000000000	1503948923494280
215000000000000000	1503949755751428
216000000000000000	1503950592036081
217000000000000000	1503951432374264
218000000000000000	1503952276792211
219000000000000000	1503953125316370
220000000000000000	1503953977973403
221000000000000000	1503954834790187
222000000000000000	1503955695793822
223000000000000000	1503956561011624
224000000000000000	1503957430471137
225000000000000000	1503958304200126
226000000000000000	1503959182226587
227000000000000000	1503960064578742
228000000000000000	1503960951285050
229000000000000000	1503961842374200
230000000000000000	1503962737875119
231000000000000000	1503963637816975
232000000000000000	1503964542229174
233000000000000000	1503965451141367
234000000000000000	1503966364583454
235000000000000000	1503967282585580
236000000000000000	1503968205178142
237000000000000000	1503969132391791
238000000000000000	1503970064257436
239000000000000000	1503971000806241
240000000000000000	1503971942069636
241000000000000000	1503972888079310
242000000000000000	1503973838867222
243000000000000000	1503974794465601
244000000000000000	1503975754906945
245000000000000000	1503976720224029
246000000000000000	1503977690449906
247000000000000000	1503978665617908
248000000000000000	1503979645761651
249000000000000000	1503980630915038
250000000000000000	1503981621112260
251000000000000000	1503982616387801
252000000000000000	1503983616776439
253000000000000000	1503984622313253
254000000000000000	1503985633033619
255000000000000000	1503986648973221
256000000000000000	1503987670168048
257000000000000000	1503988696654402
258000000000000000	1503989728468897
259000000000000000	1503990765648465
260000000000000000	1503991808230359
261000000000000000	1503992856252154
262000000000000000	1503993909751755
263000000000000000	1503994968767395
264000000000000000	1503996033337642
265000000000000000	1503997103501403
266000000000000000	1503998179297923
267000000000000000	1503999260766795
268000000000000000	1504000347947959
269000000000000000	1504001440881707
270000000000000000	1504002539608687
271000000000000000	1504003644169906
272000000000000000	1504004754606736
273000000000000000	1504005870960915
274000000000000000	1504006993274551
275000000000000000	1504008121590130
276000000000000000	1504009255950516
277000000000000000	1504010396398954
278000000000000000	1504011542979081
279000000000000000	1504012695734922
280000000000000000	1504013854710897
281000000000000000	1504015019951830
282000000000000000	1504016191502947
283000000000000000	1504017369409881
284000000000000000	1504018553718682
285000000000000000	1504019744475814
286000000000000000	1504020941728166
287000000000000000	1504022145523053
288000000000000000	1504023355908221
289000000000000000	1504024572931852
290000000000000000	1504025796642571
291000000000000000	1504027027089446
292000000000000000	1504028264321999
293000000000000000	1504029508390204
294000000000000000	1504030759344500
295000000000000000	1504032017235790
296000000000000000	1504033282115446
297000000000000000	1504034554035320
298000000000000000	1504035833047744
299000000000000000	1504037119205536
300000000000000000	1504038412562009
301000000000000000	1504039713170971
302000000000000000	1504041021086737
303000000000000000	1504042336364128
304000000000000000	1504043659058483
305000000000000000	1504044989225658
306000000000000000	1504046326922040
307000000000000000	1504047672204546
308000000000000000	1504049025130633
309000000000000000	1504050385758301
310000000000000000	1504051754146103
311000000000000000	1504053130353149
312000000000000000	1504054514439112
313000000000000000	1504055906464237
314000000000000000	1504057306489342
315000000000000000	1504058714575833
316000000000000000	1504060130785702
317000000000000000	1504061555181542
318000000000000000	1504062987826546
319000000000000000	1504064428784520
320000000000000000	1504065878119888
321000000000000000	1504067335897698
322000000000000000	1504068802183631
323000000000000000	1504070277044009
324000000000000000	1504071760545799
325000000000000000	1504073252756624
326000000000000000	1504074753744770
327000000000000000	1504076263579194
328000000000000000	1504077782329529
329000000000000000	1504079310066096
330000000000000000	1504080846859912
331000000000000000	1504082392782692
332000000000000000	1504083947906868
333000000000000000	1504085512305586
334000000000000000	1504087086052724
335000000000000000	1504088669222896
336000000000000000	1504090261891461
337000000000000000	1504091864134532
338000000000000000	1504093476028987
339000000000000000	1504095097652477
340000000000000000	1504096729083435
341000000000000000	1504098370401085
342000000000000000	1504100021685453
343000000000000000	1504101683017377
344000000000000000	1504103354478514
345000000000000000	1504105036151354
346000000000000000	1504106728119227
347000000000000000	1504108430466315
348000000000000000	1504110143277662
349000000000000000	1504111866639183
350000000000000000	1504113600637679
351000000000000000	1504115345360843
352000000000000000	1504117100897275
353000000000000000	1504118867336491
354000000000000000	1504120644768933
355000000000000000	1504122433285986
356000000000000000	1504124232979984
357000000000000000	1504126043944225
358000000000000000	1504127866272981
359000000000000000	1504129700061514
360000000000000000	1504131545406082
361000000000000000	1504133402403959
362000000000000000	1504135271153444
363000000000000000	1504137151753872
364000000000000000	1504139044305633
365000000000000000	1504140948910178
366000000000000000	1504142865670039
367000000000000000	1504144794688840
368000000000000000	1504146736071311
369000000000000000	1504148689923302
370000000000000000	1504150656351799
371000000000000000	1504152635464936
372000000000000000	1504154627372013
373000000000000000	1504156632183508
374000000000000000	1504158650011094
375000000000000000	1504160680967654
376000000000000000	1504162725167299
377000000000000000	1504164782725379
378000000000000000	1504166853758505
379000000000000000	1504168938384561
380000000000000000	1504171036722724
381000000000000000	1504173148893477
382000000000000000	1504175275018631
383000000000000000	1504177415221341
384000000000000000	1504179569626120
385000000000000000	1504181738358864
386000000000000000	1504183921546864
387000000000000000	1504186119318828
388000000000000000	1504188331804900
389000000000000000	1504190559136678
390000000000000000	1504192801447232
391000000000000000	1504195058871130
392000000000000000	1504197331544450
393000000000000000	1504199619604807
394000000000000000	1504201923191371
395000000000000000	1504204242444887
396000000000000000	1504206577507698
397000000000000000	1504208928523770
398000000000000000	1504211295638706
399000000000000000	1504213678999778
400000000000000000	1504216078755941
401000000000000000	1504218495057864
402000000000000000	1504220928057948
403000000000000000	1504223377910354
404000000000000000	1504225844771023
405000000000000000	1504228328797705
406000000000000000	1504230830149982
407000000000000000	1504233348989294
408000000000000000	1504235885478967
409000000000000000	1504238439784233
410000000000000000	1504241012072267
411000000000000000	1504243602512203
412000000000000000	1504246211275173
413000000000000000	1504248838534325
414000000000000000	1504251484464859
415000000000000000	1504254149244053
416000000000000000	1504256833051294
417000000000000000	1504259536068105
418000000000000000	1504262258478180
419000000000000000	1504265000467412
420000000000000000	1504267762223928
421000000000000000	1504270543938116
422000000000000000	1504273345802662
423000000000000000	1504276168012584
424000000000000000	1504279010765261
425000000000000000	1504281874260472
426000000000000000	1504284758700431
427000000000000000	1504287664289817
428000000000000000	1504290591235819
429000000000000000	1504293539748165
430000000000000000	1504296510039165
431000000000000000	1504299502323746
432000000000000000	1504302516819491
433000000000000000	1504305553746680
434000000000000000	1504308613328330
435000000000000000	1504311695790236
436000000000000000	1504314801361009
437000000000000000	1504317930272123
438000000000000000	1504321082757957
439000000000000000	1504324259055838
440000000000000000	1504327459406084
441000000000000000	1504330684052052
442000000000000000	1504333933240184
443000000000000000	1504337207220053
444000000000000000	1504340506244411
445000000000000000	1504343830569236
446000000000000000	1504347180453787
447000000000000000	1504350556160649
448000000000000000	1504353957955784
449000000000000000	1504357386108590
450000000000000000	1504360840891946
451000000000000000	1504364322582271
452000000000000000	1504367831459580
453000000000000000	1504371367807537
454000000000000000	1504374931913511
455000000000000000	1504378524068642
456000000000000000	1504382144567892
457000000000000000	1504385793710109
458000000000000000	1504389471798087
459000000000000000	1504393179138634
460000000000000000	1504396916042627
461000000000000000	1504400682825085
462000000000000000	1504404479805230
463000000000000000	1504408307306559
464000000000000000	1504412165656909
465000000000000000	1504416055188527
466000000000000000	1504419976238145
467000000000000000	1504423929147051
468000000000000000	1504427914261159
469000000000000000	1504431931931093
470000000000000000	1504435982512257
471000000000000000	1504440066364914
472000000000000000	1504444183854270
473000000000000000	1504448335350553
474000000000000000	1504452521229094
475000000000000000	1504456741870417
476000000000000000	1504460997660319
477000000000000000	1504465288989962
478000000000000000	1504469616255964
479000000000000000	1504473979860485
480000000000000000	1504478380211325
481000000000000000	1504482817722019
482000000000000000	1504487292811930
483000000000000000	1504491805906351
484000000000000000	1504496357436606
485000000000000000	1504500947840153
486000000000000000	1504505577560686
487000000000000000	1504510247048244
488000000000000000	1504514956759322
489000000000000000	1504519707156978
490000000000000000	1504524498710951
491000000000000000	1504529331897775
492000000000000000	1504534207200894
493000000000000000	1504539125110790
494000000000000000	1504544086125099
495000000000000000	1504549090748740
496000000000000000	1504554139494042
497000000000000000	1504559232880877
498000000000000000	1504564371436791
499000000000000000	1504569555697141
500000000000000000	1504574786205234
501000000000000000	1504580063512472
502000000000000000	1504585388178491
503000000000000000	1504590760771313
504000000000000000	1504596181867499
505000000000000000	1504601652052298
506000000000000000	1504607171919808
507000000000000000	1504612742073138
508000000000000000	1504618363124569
509000000000000000	1504624035695724
510000000000000000	1504629760417738
511000000000000000	1504635537931437
512000000000000000	1504641368887510
513000000000000000	1504647253946699
514000000000000000	1504653193779980
515000000000000000	1504659189068759
516000000000000000	1504665240505061
517000000000000000	1504671348791735
518000000000000000	1504677514642653
519000000000000000	1504683738782921
520000000000000000	1504690021949090
521000000000000000	1504696364889374
522000000000000000	1504702768363873
523000000000000000	1504709233144797
524000000000000000	1504715760016704
525000000000000000	1504722349776729
526000000000000000	1504729003234835
527000000000000000	1504735721214056
528000000000000000	1504742504550754
529000000000000000	1504749354094876
530000000000000000	1504756270710221
531000000000000000	1504763255274711
532000000000000000	1504770308680668
533000000000000000	1504777431835102
534000000000000000	1504784625659997
535000000000000000	1504791891092610
536000000000000000	1504799229085776
537000000000000000	1504806640608221
538000000000000000	1504814126644878
539000000000000000	1504821688197214
540000000000000000	1504829326283565
541000000000000000	1504837041939477
542000000000000000	1504844836218056
543000000000000000	1504852710190326
544000000000000000	1504860664945597
545000000000000000	1504868701591839
546000000000000000	1504876821256069
547000000000000000	1504885025084740
548000000000000000	1504893314244152
549000000000000000	1504901689920857
550000000000000000	1504910153322089
551000000000000000	1504918705676193
552000000000000000	1504927348233073
553000000000000000	1504936082264643
554000000000000000	1504944909065298
555000000000000000	1504953829952387
556000000000000000	1504962846266709
557000000000000000	1504971959373008
558000000000000000	1504981170660496
559000000000000000	1504990481543372
560000000000000000	1504999893461370
561000000000000000	1505009407880308
562000000000000000	1505019026292661
563000000000000000	1505028750218143
564000000000000000	1505038581204305
565000000000000000	1505048520827148
566000000000000000	1505058570691753
567000000000000000	1505068732432926
568000000000000000	1505079007715861
569000000000000000	1505089398236821
570000000000000000	1505099905723833
571000000000000000	1505110531937405
572000000000000000	1505121278671261
573000000000000000	1505132147753095
574000000000000000	1505143141045345
575000000000000000	1505154260445987
576000000000000000	1505165507889353
577000000000000000	1505176885346966
578000000000000000	1505188394828404
579000000000000000	1505200038382182
580000000000000000	1505211818096661
581000000000000000	1505223736100978
582000000000000000	1505235794566007
583000000000000000	1505247995705344
584000000000000000	1505260341776316
585000000000000000	1505272835081022
586000000000000000	1505285477967404
587000000000000000	1505298272830341
588000000000000000	1505311222112782
589000000000000000	1505324328306906
590000000000000000	1505337593955317
591000000000000000	1505351021652270
592000000000000000	1505364614044933
593000000000000000	1505378373834690
594000000000000000	1505392303778474
595000000000000000	1505406406690143
596000000000000000	1505420685441894
597000000000000000	1505435142965719
598000000000000000	1505449782254904
599000000000000000	1505464606365570
600000000000000000	1505479618418262
601000000000000000	1505494821599580
602000000000000000	1505510219163870
603000000000000000	1505525814434946
604000000000000000	1505541610807885
605000000000000000	1505557611750861
606000000000000000	1505573820807040
607000000000000000	1505590241596532
608000000000000000	1505606877818403
609000000000000000	1505623733252747
610000000000000000	1505640811762820
611000000000000000	1505658117297249
612000000000000000	1505675653892295
613000000000000000	1505693425674200
614000000000000000	1505711436861597
615000000000000000	1505729691768004
616000000000000000	1505748194804390
617000000000000000	1505766950481827
618000000000000000	1505785963414225
619000000000000000	1505805238321152
620000000000000000	1505824780030748
621000000000000000	1505844593482730
622000000000000000	1505864683731500
623000000000000000	1505885055949343
624000000000000000	1505905715429746
625000000000000000	1505926667590809
626000000000000000	1505947917978780
627000000000000000	1505969472271704
628000000000000000	1505991336283190
629000000000000000	1506013515966312
630000000000000000	1506036017417634
631000000000000000	1506058846881373
632000000000000000	1506082010753706
633000000000000000	1506105515587222
634000000000000000	1506129368095523
635000000000000000	1506153575157992
636000000000000000	1506178143824720
637000000000000000	1506203081321603
638000000000000000	1506228395055623
639000000000000000	1506254092620310
640000000000000000	1506280181801400
641000000000000000	1506306670582689
642000000000000000	1506333567152105
643000000000000000	1506360879907982
644000000000000000	1506388617465581
645000000000000000	1506416788663827
646000000000000000	1506445402572304
647000000000000000	1506474468498503
648000000000000000	1506503995995332
649000000000000000	1506533994868910
650000000000000000	1506564475186648
651000000000000000	1506595447285629
652000000000000000	1506626921781308
653000000000000000	1506658909576536
654000000000000000	1506691421870931
655000000000000000	1506724470170601
656000000000000000	1506758066298242
657000000000000000	1506792222403632
658000000000000000	1506826950974519
659000000000000000	1506862264847946
660000000000000000	1506898177222014
661000000000000000	1506934701668106
662000000000000000	1506971852143606
663000000000000000	1507009643005110
664000000000000000	1507048089022182
665000000000000000	1507087205391652
666000000000000000	1507127007752504
667000000000000000	1507167512201362
668000000000000000	1507208735308618
669000000000000000	1507250694135220
670000000000000000	1507293406250163
671000000000000000	1507336889748701
672000000000000000	1507381163271331
673000000000000000	1507426246023577
674000000000000000	1507472157796609
675000000000000000	1507518918988753
676000000000000000	1507566550627913
677000000000000000	1507615074394976
678000000000000000	1507664512648223
679000000000000000	1507714888448817
680000000000000000	1507766225587410
681000000000000000	1507818548611929
682000000000000000	1507871882856605
683000000000000000	1507926254472295
684000000000000000	1507981690458185
685000000000000000	1508038218694924
686000000000000000	1508095867979278
687000000000000000	1508154668060378
688000000000000000	1508214649677649
689000000000000000	1508275844600496
690000000000000000	1508338285669872
691000000000000000	1508402006841790
692000000000000000	1508467043232914
693000000000000000	1508533431168330
694000000000000000	1508601208231619
695000000000000000	1508670413317354
696000000000000000	1508741086686170
697000000000000000	1508813270022531
698000000000000000	1508887006495362
699000000000000000	1508962340821706
700000000000000000	1509039319333569
701000000000000000	1509117990048148
702000000000000000	1509198402741636
703000000000000000	1509280609026799
704000000000000000	1509364662434576
705000000000000000	1509450618499901
706000000000000000	1509538534852040
707000000000000000	1509628471309675
708000000000000000	1509720489981058
709000000000000000	1509814655369513
710000000000000000	1509911034484633
711000000000000000	1510009696959520
712000000000000000	1510110715174443
713000000000000000	1510214164387312
714000000000000000	1510320122871412
715000000000000000	1510428672060839
716000000000000000	1510539896704158
717000000000000000	1510653885026794
718000000000000000	1510770728902728
719000000000000000	1510890524036126
720000000000000000	1511013370153533
721000000000000000	1511139371207360
722000000000000000	1511268635591409
723000000000000000	1511401276369261
724000000000000000	1511537411516393
725000000000000000	1511677164176996
726000000000000000	1511820662936478
727000000000000000	1511968042110792
728000000000000000	1512119442053737
729000000000000000	1512275009483549
730000000000000000	1512434897830139
731000000000000000	1512599267604485
732000000000000000	1512768286791802
733000000000000000	1512942131270229
734000000000000000	1513120985256940
735000000000000000	1513305041783728
736000000000000000	1513494503204293
737000000000000000	1513689581735655
738000000000000000	1513890500036318
739000000000000000	1514097491824030
740000000000000000	1514310802536260
741000000000000000	1514530690036749
742000000000000000	1514757425371832
743000000000000000	1514991293580518
744000000000000000	1515232594562720
745000000000000000	1515481644010385
746000000000000000	1515738774406750
747000000000000000	1516004336099401
748000000000000000	1516278698453389
749000000000000000	1516562251091194
750000000000000000	1516855405227029
751000000000000000	1517158595103679
752000000000000000	1517472279540847
753000000000000000	1517796943604913
754000000000000000	1518133100410940
755000000000000000	1518481293068885
756000000000000000	1518842096787180
757000000000000000	1519216121148163
758000000000000000	1519604012571375
759000000000000000	1520006456982378
760000000000000000	1520424182706616
761000000000000000	1520857963609914
762000000000000000	1521308622509520
763000000000000000	1521777034882184
764000000000000000	1522264132898667
765000000000000000	1522770909817310
766000000000000000	1523298424772920
767000000000000000	1523847808001317
768000000000000000	1524420266544455
769000000000000000	1525017090486166
770000000000000000	1525639659774383
771000000000000000	1526289451692162
772000000000000000	1526968049047211
773000000000000000	1527677149157853
774000000000000000	1528418573722708
775000000000000000	1529194279671881
776000000000000000	1530006371109349
777000000000000000	1530857112469678
778000000000000000	1531748943027360
779000000000000000	1532684492914297
780000000000000000	1533666600820318
781000000000000000	1534698333573650
782000000000000000	1535783007823085
783000000000000000	1536924214071691
784000000000000000	1538125843343654
785000000000000000	1539392116801677
786000000000000000	1540727618672702
787000000000000000	1542137332885185
788000000000000000	1543626683872087
789000000000000000	1545201582050775
790000000000000000	1546868474554491
791000000000000000	1548634401860384
792000000000000000	1550507061036414
793000000000000000	1552494876413606
794000000000000000	1554607078580675
795000000000000000	1556853792693613
796000000000000000	1559246137191221
797000000000000000	1561796334105160
798000000000000000	1564517832243938
799000000000000000	1567425444605710
800000000000000000	1570535501421762
801000000000000000	1573866020232157
802000000000000000	1577436894320031
803000000000000000	1581270100642647
804000000000000000	1585389928040894
805000000000000000	1589823225907844
806000000000000000	1594599672544756
807000000000000000	1599752060982447
808000000000000000	1605316597895828
809000000000000000	1611333208115751
810000000000000000	1617845832777218
811000000000000000	1624902702847786
812000000000000000	1632556561017109
813000000000000000	1640864792883951
814000000000000000	1649889412045022
815000000000000000	1659696821885275
816000000000000000	1670357248302332
817000000000000000	1681943701065255
818000000000000000	1694530276292154
819000000000000000	1708189559140778
820000000000000000	1722988827249700
821000000000000000	1738984699282724
822000000000000000	1756215834160918
823000000000000000	1774693291662766
824000000000000000	1794388256054270
825000000000000000	1815217061386444
826000000000000000	1837023914968999
827000000000000000	1859562467756662
828000000000000000	1882478460423544
829000000000000000	1905297007338477
830000000000000000	1927419395194987
831000000000000000	1948135026080110
832000000000000000	1966653544598628
833000000000000000	1982159481157196
834000000000000000	1993886660067038
835000000000000000	2001203019446611
836000000000000000	2003690581635665
837000000000000000	2006178143824720
838000000000000000	2013494503204293
839000000000000000	2025221682114134
840000000000000000	2040727618672702
841000000000000000	2059246137191221
842000000000000000	2079961768076343
843000000000000000	2102084155932854
844000000000000000	2124902702847786
845000000000000000	2147818695514669
846000000000000000	2170357248302332
847000000000000000	2192164101884886
848000000000000000	2212992907217061
849000000000000000	2232687871608565
850000000000000000	2251165329110413
851000000000000000	2268396463988606
852000000000000000	2284392336021630
853000000000000000	2299191604130553
854000000000000000	2312850886979177
855000000000000000	2325437462206075
856000000000000000	2337023914968999
857000000000000000	2347684341386055
858000000000000000	2357491751226309
859000000000000000	2366516370387380
860000000000000000	2374824602254222
861000000000000000	2382478460423544
862000000000000000	2389535330494113
863000000000000000	2396047955155579
864000000000000000	2402064565375503
865000000000000000	2407629102288883
866000000000000000	2412781490726574
867000000000000000	2417557937363486
868000000000000000	2421991235230437
869000000000000000	2426111062628683
870000000000000000	2429944268951299
871000000000000000	2433515143039174
872000000000000000	2436845661849569
873000000000000000	2439955718665621
874000000000000000	2442863331027393
875000000000000000	2445584829166171
876000000000000000	2448135026080110
877000000000000000	2450527370577717
878000000000000000	2452774084690655
879000000000000000	2454886286857725
880000000000000000	2456874102234916
881000000000000000	2458746761410946
882000000000000000	2460512688716840
883000000000000000	2462179581220555
884000000000000000	2463754479399244
885000000000000000	2465243830386146
886000000000000000	2466653544598628
887000000000000000	2467989046469653
888000000000000000	2469255319927676
889000000000000000	2470456949199640
890000000000000000	2471598155448246
891000000000000000	2472682829697681
892000000000000000	2473714562451013
893000000000000000	2474696670357034
894000000000000000	2475632220243971
895000000000000000	2476524050801653
896000000000000000	2477374792161981
897000000000000000	2478186883599450
898000000000000000	2478962589548623
899000000000000000	2479704014113478
900000000000000000	2480413114224120
901000000000000000	2481091711579168
902000000000000000	2481741503496947
903000000000000000	2482364072785164
904000000000000000	2482960896726876
905000000000000000	2483533355270013
906000000000000000	2484082738498410
907000000000000000	2484610253454021
908000000000000000	2485117030372664
909000000000000000	2485604128389147
910000000000000000	2486072540761810
911000000000000000	2486523199661416
912000000000000000	2486956980564715
913000000000000000	2487374706288953
914000000000000000	2487777150699956
915000000000000000	2488165042123167
916000000000000000	2488539066484150
917000000000000000	2488899870202445
918000000000000000	2489248062860391
919000000000000000	2489584219666417
920000000000000000	2489908883730483
921000000000000000	2490222568167652
922000000000000000	2490525758044301
923000000000000000	2490818912180137
924000000000000000	2491102464817941
925000000000000000	2491376827171929
926000000000000000	2491642388864581
927000000000000000	2491899519260945
928000000000000000	2492148568708611
929000000000000000	2492389869690813
930000000000000000	2492623737899499
931000000000000000	2492850473234581
932000000000000000	2493070360735071
933000000000000000	2493283671447300
934000000000000000	2493490663235012
935000000000000000	2493691581535675
936000000000000000	2493886660067038
937000000000000000	2494076121487603
938000000000000000	2494260178014390
939000000000000000	2494439032001101
940000000000000000	2494612876479529
941000000000000000	2494781895666846
942000000000000000	2494946265441192
943000000000000000	2495106153787781
944000000000000000	2495261721217594
945000000000000000	2495413121160539
946000000000000000	2495560500334852
947000000000000000	2495703999094335
948000000000000000	2495843751754937
949000000000000000	2495979886902070
950000000000000000	2496112527679921
951000000000000000	2496241792063971
952000000000000000	2496367793117798
953000000000000000	2496490639235204
954000000000000000	2496610434368602
955000000000000000	2496727278244537
956000000000000000	2496841266567172
957000000000000000	2496952491210492
958000000000000000	2497061040399919
959000000000000000	2497166998884018
960000000000000000	2497270448096888
961000000000000000	2497371466311811
962000000000000000	2497470128786698
963000000000000000	2497566507901818
964000000000000000	2497660673290272
965000000000000000	2497752691961655
966000000000000000	2497842628419291
967000000000000000	2497930544771429
968000000000000000	2498016500836755
969000000000000000	2498100554244531
970000000000000000	2498182760529695
971000000000000000	2498263173223182
972000000000000000	2498341843937762
973000000000000000	2498418822449625
974000000000000000	2498494156775969
975000000000000000	2498567893248800
976000000000000000	2498640076585160
977000000000000000	2498710749953976
978000000000000000	2498779955039712
979000000000000000	2498847732103000
980000000000000000	2498914120038417
981000000000000000	2498979156429540
982000000000000000	2499042877601458
983000000000000000	2499105318670834
984000000000000000	2499166513593682
985000000000000000	2499226495210952
986000000000000000	2499285295292053
987000000000000000	2499342944576407
988000000000000000	2499399472813146
989000000000000000	2499454908799035
990000000000000000	2499509280414725
991000000000000000	2499562614659401
992000000000000000	2499614937683921
993000000000000000	2499666274822514
994000000000000000	2499716650623108
995000000000000000	2499766088876354
996000000000000000	2499814612643417
997000000000000000	2499862244282578
998000000000000000	2499909005474721
999000000000000000	2499954917247754
1000000000000000000	2500000000000000
1001000000000000000	2511622296296296
1002000000000000000	2523156148148148
1003000000000000000	2534602000000000
1004000000000000000	2545960296296296
1005000000000000000	2557231481481481
1006000000000000000	2568416000000000
1007000000000000000	2579514296296296
1008000000000000000	2590526814814814
1009000000000000000	2601454000000000
1010000000000000000	2612296296296296
1011000000000000000	2623054148148148
1012000000000000000	2633728000000000
1013000000000000000	2644318296296296
1014000000000000000	2654825481481481
1015000000000000000	2665250000000000
1016000000000000000	2675592296296296
1017000000000000000	2685852814814814
1018000000000000000	2696032000000000
1019000000000000000	2706130296296296
1020000000000000000	2716148148148148
1021000000000000000	2726086000000000
1022000000000000000	2735944296296296
1023000000000000000	2745723481481481
1024000000000000000	2755424000000000
1025000000000000000	2765046296296296
1026000000000000000	2774590814814814
1027000000000000000	2784058000000000
1028000000000000000	2793448296296296
1029000000000000000	2802762148148148
1030000000000000000	2812000000000000
1031000000000000000	2821162296296296
1032000000000000000	2830249481481481
1033000000000000000	2839262000000000
1034000000000000000	2848200296296296
1035000000000000000	2857064814814814
1036000000000000000	2865856000000000
1037000000000000000	2874574296296296
1038000000000000000	2883220148148148
1039000000000000000	2891794000000000
1040000000000000000	2900296296296296
1041000000000000000	2908727481481481
1042000000000000000	2917088000000000
1043000000000000000	2925378296296296
1044000000000000000	2933598814814814
1045000000000000000	2941750000000000
1046000000000000000	2949832296296296
1047000000000000000	2957846148148148
1048000000000000000	2965792000000000
1049000000000000000	2973670296296296
1050000000000000000	2981481481481481
1051000000000000000	2989226000000000
1052000000000000000	2996904296296296
1053000000000000000	3004516814814814
1054000000000000000	3012064000000000
1055000000000000000	3019546296296296
1056000000000000000	3026964148148148
1057000000000000000	3034318000000000
1058000000000000000	3041608296296296
1059000000000000000	3048835481481481
1060000000000000000	3056000000000000
1061000000000000000	3063102296296296
1062000000000000000	3070142814814814
1063000000000000000	3077122000000000
1064000000000000000	3084040296296296
1065000000000000000	3090898148148148
1066000000000000000	3097696000000000
1067000000000000000	3104434296296296
1068000000000000000	3111113481481481
1069000000000000000	3117734000000000
1070000000000000000	3124296296296296
1071000000000000000	3130800814814814
1072000000000000000	3137248000000000
1073000000000000000	3143638296296296
1074000000000000000	3149972148148148
1075000000000000000	3156250000000000
1076000000000000000	3162472296296296
1077000000000000000	3168639481481481
1078000000000000000	3174752000000000
1079000000000000000	3180810296296296
1080000000000000000	3186814814814814
1081000000000000000	3192766000000000
1082000000000000000	3198664296296296
1083000000000000000	3204510148148148
1084000000000000000	3210304000000000
1085000000000000000	3216046296296296
1086000000000000000	3221737481481481
1087000000000000000	3227378000000000
1088000000000000000	3232968296296296
1089000000000000000	3238508814814814
1090000000000000000	3244000000000000
1091000000000000000	3249442296296296
1092000000000000000	3254836148148148
1093000000000000000	3260182000000000
1094000000000000000	3265480296296296
1095000000000000000	3270731481481481
1096000000000000000	3275936000000000
1097000000000000000	3281094296296296
1098000000000000000	3286206814814814
1099000000000000000	3291274000000000
1100000000000000000	3296296296296296
1101000000000000000	3301274148148148
1102000000000000000	3306208000000000
1103000000000000000	3311098296296296
1104000000000000000	3315945481481481
1105000000000000000	3320750000000000
1106000000000000000	3325512296296296
1107000000000000000	3330232814814814
1108000000000000000	3334912000000000
1109000000000000000	3339550296296296
1110000000000000000	3344148148148148
1111000000000000000	3348706000000000
1112000000000000000	3353224296296296
1113000000000000000	3357703481481481
1114000000000000000	3362144000000000
1115000000000000000	3366546296296296
1116000000000000000	3370910814814814
1117000000000000000	3375238000000000
1118000000000000000	3379528296296296
1119000000000000000	3383782148148148
1120000000000000000	3388000000000000
1121000000000000000	3392182296296296
1122000000000000000	3396329481481481
1123000000000000000	3400442000000000
1124000000000000000	3404520296296296
1125000000000000000	3408564814814814
1126000000000000000	3412576000000000
1127000000000000000	3416554296296296
1128000000000000000	3420500148148148
1129000000000000000	3424414000000000
1130000000000000000	3428296296296296
1131000000000000000	3432147481481481
1132000000000000000	3435968000000000
1133000000000000000	3439758296296296
1134000000000000000	3443518814814814
1135000000000000000	3447250000000000
1136000000000000000	3450952296296296
1137000000000000000	3454626148148148
1138000000000000000	3458272000000000
1139000000000000000	3461890296296296
1140000000000000000	3465481481481481
1141000000000000000	3469046000000000
1142000000000000000	3472584296296296
1143000000000000000	3476096814814814
1144000000000000000	3479584000000000
1145000000000000000	3483046296296296
1146000000000000000	3486484148148148
1147000000000000000	3489898000000000
1148000000000000000	3493288296296296
1149000000000000000	3496655481481481
1150000000000000000	3500000000000000
1151000000000000000	3503322296296296
1152000000000000000	3506622814814814
1153000000000000000	3509902000000000
1154000000000000000	3513160296296296
1155000000000000000	3516398148148148
1156000000000000000	3519616000000000
1157000000000000000	3522814296296296
1158000000000000000	3525993481481481
1159000000000000000	3529154000000000
1160000000000000000	3532296296296296
1161000000000000000	3535420814814814
1162000000000000000	3538528000000000
1163000000000000000	3541618296296296
1164000000000000000	3544692148148148
1165000000000000000	3547750000000000
1166000000000000000	3550792296296296
1167000000000000000	3553819481481481
1168000000000000000	3556832000000000
1169000000000000000	3559830296296296
1170000000000000000	3562814814814814
1171000000000000000	3565786000000000
1172000000000000000	3568744296296296
1173000000000000000	3571690148148148
1174000000000000000	3574624000000000
1175000000000000000	3577546296296296
1176000000000000000	3580457481481481
1177000000000000000	3583358000000000
1178000000000000000	3586248296296296
1179000000000000000	3589128814814814
1180000000000000000	3592000000000000
1181000000000000000	3594862296296296
1182000000000000000	3597716148148148
1183000000000000000	3600562000000000
1184000000000000000	3603400296296296
1185000000000000000	3606231481481481
1186000000000000000	3609056000000000
1187000000000000000	3611874296296296
1188000000000000000	3614686814814814
1189000000000000000	3617494000000000
1190000000000000000	3620296296296296
1191000000000000000	3623094148148148
1192000000000000000	3625888000000000
1193000000000000000	3628678296296296
1194000000000000000	3631465481481481
1195000000000000000	3634250000000000
1196000000000000000	3637032296296296
1197000000000000000	3639812814814814
1198000000000000000	3642592000000000
1199000000000000000	3645370296296296
1200000000000000000	3648148148148148
1201000000000000000	3650925999999999
1202000000000000000	3653704296296296
1203000000000000000	3656483481481481
1204000000000000000	3659263999999999
1205000000000000000	3662046296296296
1206000000000000000	3664830814814814
1207000000000000000	3667617999999999
1208000000000000000	3670408296296296
1209000000000000000	3673202148148148
1210000000000000000	3675999999999999
1211000000000000000	3678802296296296
1212000000000000000	3681609481481481
1213000000000000000	3684421999999999
1214000000000000000	3687240296296296
1215000000000000000	3690064814814814
1216000000000000000	3692895999999999
1217000000000000000	3695734296296296
1218000000000000000	3698580148148148
1219000000000000000	3701433999999999
1220000000000000000	3704296296296296
1221000000000000000	3707167481481481
1222000000000000000	3710047999999999
1223000000000000000	3712938296296296
1224000000000000000	3715838814814814
1225000000000000000	3718749999999999
1226000000000000000	3721672296296296
1227000000000000000	3724606148148148
1228000000000000000	3727551999999999
1229000000000000000	3730510296296296
1230000000000000000	3733481481481481
1231000000000000000	3736465999999999
1232000000000000000	3739464296296296
1233000000000000000	3742476814814814
1234000000000000000	3745503999999999
1235000000000000000	3748546296296296
1236000000000000000	3751604148148148
1237000000000000000	3754677999999999
1238000000000000000	3757768296296296
1239000000000000000	3760875481481481
1240000000000000000	3763999999999999
1241000000000000000	3767142296296296
1242000000000000000	3770302814814814
1243000000000000000	3773481999999999
1244000000000000000	3776680296296296
1245000000000000000	3779898148148148
1246000000000000000	3783135999999999
1247000000000000000	3786394296296296
1248000000000000000	3789673481481481
1249000000000000000	3792973999999999
1250000000000000000	3796296296296296
1251000000000000000	3799640814814814
1252000000000000000	3803007999999999
1253000000000000000	3806398296296296
1254000000000000000	3809812148148148
1255000000000000000	3813249999999999
1256000000000000000	3816712296296296
1257000000000000000	3820199481481481
1258000000000000000	3823711999999999
1259000000000000000	3827250296296296
1260000000000000000	3830814814814814
1261000000000000000	3834405999999999
1262000000000000000	3838024296296296
1263000000000000000	3841670148148148
1264000000000000000	3845343999999999
1265000000000000000	3849046296296296
1266000000000000000	3852777481481481
1267000000000000000	3856537999999999
1268000000000000000	3860328296296296
1269000000000000000	3864148814814814
1270000000000000000	3867999999999999
1271000000000000000	3871882296296296
1272000000000000000	3875796148148148
1273000000000000000	3879741999999999
1274000000000000000	3883720296296296
1275000000000000000	3887731481481481
1276000000000000000	3891775999999999
1277000000000000000	3895854296296296
1278000000000000000	3899966814814814
1279000000000000000	3904113999999999
1280000000000000000	3908296296296296
1281000000000000000	3912514148148148
1282000000000000000	3916767999999999
1283000000000000000	3921058296296296
1284000000000000000	3925385481481481
1285000000000000000	3929749999999999
1286000000000000000	3934152296296296
1287000000000000000	3938592814814814
1288000000000000000	3943071999999999
1289000000000000000	3947590296296296
1290000000000000000	3952148148148148
1291000000000000000	3956745999999999
1292000000000000000	3961384296296296
1293000000000000000	3966063481481481
1294000000000000000	3970783999999999
1295000000000000000	3975546296296296
1296000000000000000	3980350814814814
1297000000000000000	3985197999999999
1298000000000000000	3990088296296296
1299000000000000000	3995022148148148
1300000000000000000	3999999999999999
1301000000000000000	4005022296296296
1302000000000000000	4010089481481481
1303000000000000000	4015201999999999
1304000000000000000	4020360296296296
1305000000000000000	4025564814814814
1306000000000000000	4030815999999999
1307000000000000000	4036114296296296
1308000000000000000	4041460148148148
1309000000000000000	4046853999999999
1310000000000000000	4052296296296296
1311000000000000000	4057787481481481
1312000000000000000	4063327999999999
1313000000000000000	4068918296296296
1314000000000000000	4074558814814814
1315000000000000000	4080249999999999
1316000000000000000	4085992296296296
1317000000000000000	4091786148148148
1318000000000000000	4097631999999999
1319000000000000000	4103530296296296
1320000000000000000	4109481481481481
1321000000000000000	4115485999999999
1322000000000000000	4121544296296296
1323000000000000000	4127656814814814
1324000000000000000	4133823999999999
1325000000000000000	4140046296296296
1326000000000000000	4146324148148148
1327000000000000000	4152657999999999
1328000000000000000	4159048296296296
1329000000000000000	4165495481481481
1330000000000000000	4171999999999999
1331000000000000000	4178562296296296
1332000000000000000	4185182814814814
1333000000000000000	4191861999999999
1334000000000000000	4198600296296296
1335000000000000000	4205398148148148
1336000000000000000	4212255999999999
1337000000000000000	4219174296296296
1338000000000000000	4226153481481481
1339000000000000000	4233193999999999
1340000000000000000	4240296296296296
1341000000000000000	4247460814814814
1342000000000000000	4254687999999999
1343000000000000000	4261978296296296
1344000000000000000	4269332148148148
1345000000000000000	4276749999999999
1346000000000000000	4284232296296296
1347000000000000000	4291779481481481
1348000000000000000	4299391999999999
1349000000000000000	4307070296296296
1350000000000000000	4314814814814814
1351000000000000000	4322625999999999
1352000000000000000	4330504296296296
1353000000000000000	4338450148148148
1354000000000000000	4346463999999999
1355000000000000000	4354546296296296
1356000000000000000	4362697481481481
1357000000000000000	4370917999999999
1358000000000000000	4379208296296296
1359000000000000000	4387568814814814
1360000000000000000	4395999999999999
1361000000000000000	4404502296296296
1362000000000000000	4413076148148148
1363000000000000000	4421721999999999
1364000000000000000	4430440296296296
1365000000000000000	4439231481481481
1366000000000000000	4448095999999999
1367000000000000000	4457034296296296
1368000000000000000	4466046814814814
1369000000000000000	4475133999999999
1370000000000000000	4484296296296296
1371000000000000000	4493534148148148
1372000000000000000	4502847999999999
1373000000000000000	4512238296296296
1374000000000000000	4521705481481481
1375000000000000000	4531249999999999
1376000000000000000	4540872296296296
1377000000000000000	4550572814814814
1378000000000000000	4560351999999999
1379000000000000000	4570210296296296
1380000000000000000	4580148148148148
1381000000000000000	4590165999999999
1382000000000000000	4600264296296296
1383000000000000000	4610443481481481
1384000000000000000	4620703999999999
1385000000000000000	4631046296296296
1386000000000000000	4641470814814814
1387000000000000000	4651977999999999
1388000000000000000	4662568296296296
1389000000000000000	4673242148148148
1390000000000000000	4683999999999999
1391000000000000000	4694842296296296
1392000000000000000	4705769481481481
1393000000000000000	4716781999999999
1394000000000000000	4727880296296296
1395000000000000000	4739064814814814
1396000000000000000	4750335999999999
1397000000000000000	4761694296296296
1398000000000000000	4773140148148148
1399000000000000000	4784673999999999
1400000000000000000	4796296296296296
1401000000000000000	4808007481481481
1402000000000000000	4819807999999999
1403000000000000000	4831698296296296
1404000000000000000	4843678814814814
1405000000000000000	4855749999999999
1406000000000000000	4867912296296296
1407000000000000000	4880166148148148
1408000000000000000	4892511999999999
1409000000000000000	4904950296296296
1410000000000000000	4917481481481481
1411000000000000000	4930105999999999
1412000000000000000	4942824296296296
1413000000000000000	4955636814814814
1414000000000000000	4968543999999999
1415000000000000000	4981546296296296
1416000000000000000	4994644148148148
1417000000000000000	5007837999999999
1418000000000000000	5021128296296296
1419000000000000000	5034515481481481
1420000000000000000	5047999999999999
1421000000000000000	5061582296296296
1422000000000000000	5075262814814814
1423000000000000000	5089041999999999
1424000000000000000	5102920296296296
1425000000000000000	5116898148148148
1426000000000000000	5130975999999999
1427000000000000000	5145154296296296
1428000000000000000	5159433481481481
1429000000000000000	5173813999999999
1430000000000000000	5188296296296296
1431000000000000000	5202880814814814
1432000000000000000	5217567999999999
1433000000000000000	5232358296296296
1434000000000000000	5247252148148148
1435000000000000000	5262249999999999
1436000000000000000	5277352296296296
1437000000000000000	5292559481481481
1438000000000000000	5307871999999999
1439000000000000000	5323290296296296
1440000000000000000	5338814814814814
1441000000000000000	5354445999999999
1442000000000000000	5370184296296296
1443000000000000000	5386030148148148
1444000000000000000	5401983999999999
1445000000000000000	5418046296296296
1446000000000000000	5434217481481481
1447000000000000000	5450497999999999
1448000000000000000	5466888296296296
1449000000000000000	5483388814814814
1450000000000000000	5499999999999999
1451000000000000000	5516722296296296
1452000000000000000	5533556148148148
1453000000000000000	5550501999999999
1454000000000000000	5567560296296296
1455000000000000000	5584731481481481
1456000000000000000	5602015999999999
1457000000000000000	5619414296296296
1458000000000000000	5636926814814814
1459000000000000000	5654553999999999
1460000000000000000	5672296296296296
1461000000000000000	5690154148148148
1462000000000000000	5708127999999999
1463000000000000000	5726218296296296
1464000000000000000	5744425481481481
1465000000000000000	5762749999999999
1466000000000000000	5781192296296296
1467000000000000000	5799752814814814
1468000000000000000	5818431999999999
1469000000000000000	5837230296296296
1470000000000000000	5856148148148148
1471000000000000000	5875185999999999
1472000000000000000	5894344296296296
1473000000000000000	5913623481481481
1474000000000000000	5933023999999999
1475000000000000000	5952546296296296
1476000000000000000	5972190814814814
1477000000000000000	5991957999999999
1478000000000000000	6000000000000000
1479000000000000000	6000000000000000
1480000000000000000	6000000000000000
1481000000000000000	6000000000000000
1482000000000000000	6000000000000000
1483000000000000000	6000000000000000
1484000000000000000	6000000000000000
1485000000000000000	6000000000000000
1486000000000000000	6000000000000000
1487000000000000000	6000000000000000
1488000000000000000	6000000000000000
1489000000000000000	6000000000000000
1490000000000000000	6000000000000000
1491000000000000000	6000000000000000
1492000000000000000	6000000000000000
1493000000000000000	6000000000000000
1494000000000000000	6000000000000000
1495000000000000000	6000000000000000
1496000000000000000	6000000000000000
1497000000000000000	6000000000000000
1498000000000000000	6000000000000000
1499000000000000000	6000000000000000
1500000000000000000	6000000000000000
1501000000000000000	6000000000000000
1502000000000000000	6000000000000000
1503000000000000000	6000000000000000
1504000000000000000	6000000000000000
1505000000000000000	6000000000000000
1506000000000000000	6000000000000000
1507000000000000000	6000000000000000
1508000000000000000	6000000000000000
1509000000000000000	6000000000000000
1510000000000000000	6000000000000000
1511000000000000000	6000000000000000
1512000000000000000	6000000000000000
1513000000000000000	6000000000000000
1514000000000000000	6000000000000000
1515000000000000000	6000000000000000
1516000000000000000	6000000000000000
1517000000000000000	6000000000000000
1518000000000000000	6000000000000000
1519000000000000000	6000000000000000
1520000000000000000	6000000000000000
1521000000000000000	6000000000000000
1522000000000000000	6000000000000000
1523000000000000000	6000000000000000
1524000000000000000	6000000000000000
1525000000000000000	6000000000000000
1526000000000000000	6000000000000000
1527000000000000000	6000000000000000
1528000000000000000	6000000000000000
1529000000000000000	6000000000000000
1530000000000000000	6000000000000000
1531000000000000000	6000000000000000
1532000000000000000	6000000000000000
1533000000000000000	6000000000000000
1534000000000000000	6000000000000000
1535000000000000000	6000000000000000
1536000000000000000	6000000000000000
1537000000000000000	6000000000000000
1538000000000000000	6000000000000000
1539000000000000000	6000000000000000
1540000000000000000	6000000000000000
1541000000000000000	6000000000000000
1542000000000000000	6000000000000000
1543000000000000000	6000000000000000
1544000000000000000	6000000000000000
1545000000000000000	6000000000000000
1546000000000000000	6000000000000000
1547000000000000000	6000000000000000
1548000000000000000	6000000000000000
1549000000000000000	6000000000000000
1550000000000000000	6000000000000000
1551000000000000000	6000000000000000
1552000000000000000	6000000000000000
1553000000000000000	6000000000000000
1554000000000000000	6000000000000000
1555000000000000000	6000000000000000
1556000000000000000	6000000000000000
1557000000000000000	6000000000000000
1558000000000000000	6000000000000000
1559000000000000000	6000000000000000
1560000000000000000	6000000000000000
1561000000000000000	6000000000000000
1562000000000000000	6000000000000000
1563000000000000000	6000000000000000
1564000000000000000	6000000000000000
1565000000000000000	6000000000000000
1566000000000000000	6000000000000000
1567000000000000000	6000000000000000
1568000000000000000	6000000000000000
1569000000000000000	6000000000000000
1570000000000000000	6000000000000000
1571000000000000000	6000000000000000
1572000000000000000	6000000000000000
1573000000000000000	6000000000000000
1574000000000000000	6000000000000000
1575000000000000000	6000000000000000
1576000000000000000	6000000000000000
1577000000000000000	6000000000000000
1578000000000000000	6000000000000000
1579000000000000000	6000000000000000
1580000000000000000	6000000000000000
1581000000000000000	6000000000000000
1582000000000000000	6000000000000000
1583000000000000000	6000000000000000
1584000000000000000	6000000000000000
1585000000000000000	6000000000000000
1586000000000000000	6000000000000000
1587000000000000000	6000000000000000
1588000000000000000	6000000000000000
1589000000000000000	6000000000000000
1590000000000000000	6000000000000000
1591000000000000000	6000000000000000
1592000000000000000	6000000000000000
1593000000000000000	6000000000000000
1594000000000000000	6000000000000000
1595000000000000000	6000000000000000
1596000000000000000	6000000000000000
1597000000000000000	6000000000000000
1598000000000000000	6000000000000000
1599000000000000000	6000000000000000
1600000000000000000	6000000000000000
1601000000000000000	6000000000000000
1602000000000000000	6000000000000000
1603000000000000000	6000000000000000
1604000000000000000	6000000000000000
1605000000000000000	6000000000000000
1606000000000000000	6000000000000000
1607000000000000000	6000000000000000
1608000000000000000	6000000000000000
1609000000000000000	6000000000000000
1610000000000000000	6000000000000000
1611000000000000000	6000000000000000
1612000000000000000	6000000000000000
1613000000000000000	6000000000000000
1614000000000000000	6000000000000000
1615000000000000000	6000000000000000
1616000000000000000	6000000000000000
1617000000000000000	6000000000000000
1618000000000000000	6000000000000000
1619000000000000000	6000000000000000
1620000000000000000	6000000000000000
1621000000000000000	6000000000000000
1622000000000000000	6000000000000000
1623000000000000000	6000000000000000
1624000000000000000	6000000000000000
1625000000000000000	6000000000000000
1626000000000000000	6000000000000000
1627000000000000000	6000000000000000
1628000000000000000	6000000000000000
1629000000000000000	6000000000000000
1630000000000000000	6000000000000000
1631000000000000000	6000000000000000
1632000000000000000	6000000000000000
1633000000000000000	6000000000000000
1634000000000000000	6000000000000000
1635000000000000000	6000000000000000
1636000000000000000	6000000000000000
1637000000000000000	6000000000000000
1638000000000000000	6000000000000000
1639000000000000000	6000000000000000
1640000000000000000	6000000000000000
1641000000000000000	6000000000000000
1642000000000000000	6000000000000000
1643000000000000000	6000000000000000
1644000000000000000	6000000000000000
1645000000000000000	6000000000000000
1646000000000000000	6000000000000000
1647000000000000000	6000000000000000
1648000000000000000	6000000000000000
1649000000000000000	6000000000000000
1650000000000000000	6000000000000000
1651000000000000000	6000000000000000
1652000000000000000	6000000000000000
1653000000000000000	6000000000000000
1654000000000000000	6000000000000000
1655000000000000000	6000000000000000
1656000000000000000	6000000000000000
1657000000000000000	6000000000000000
1658000000000000000	6000000000000000
1659000000000000000	6000000000000000
1660000000000000000	6000000000000000
1661000000000000000	6000000000000000
1662000000000000000	6000000000000000
1663000000000000000	6000000000000000
1664000000000000000	6000000000000000
1665000000000000000	6000000000000000
1666000000000000000	6000000000000000
1667000000000000000	6000000000000000
1668000000000000000	6000000000000000
1669000000000000000	6000000000000000
1670000000000000000	6000000000000000
1671000000000000000	6000000000000000
1672000000000000000	6000000000000000
1673000000000000000	6000000000000000
1674000000000000000	6000000000000000
1675000000000000000	6000000000000000
1676000000000000000	6000000000000000
1677000000000000000	6000000000000000
1678000000000000000	6000000000000000
1679000000000000000	6000000000000000
1680000000000000000	6000000000000000
1681000000000000000	6000000000000000
1682000000000000000	6000000000000000
1683000000000000000	6000000000000000
1684000000000000000	6000000000000000
1685000000000000000	6000000000000000
1686000000000000000	6000000000000000
1687000000000000000	6000000000000000
1688000000000000000	6000000000000000
1689000000000000000	6000000000000000
1690000000000000000	6000000000000000
1691000000000000000	6000000000000000
1692000000000000000	6000000000000000
1693000000000000000	6000000000000000
1694000000000000000	6000000000000000
1695000000000000000	6000000000000000
1696000000000000000	6000000000000000
1697000000000000000	6000000000000000
1698000000000000000	6000000000000000
1699000000000000000	6000000000000000
1700000000000000000	6000000000000000
1701000000000000000	6000000000000000
1702000000000000000	6000000000000000
1703000000000000000	6000000000000000
1704000000000000000	6000000000000000
1705000000000000000	6000000000000000
1706000000000000000	6000000000000000
1707000000000000000	6000000000000000
1708000000000000000	6000000000000000
1709000000000000000	6000000000000000
1710000000000000000	6000000000000000
1711000000000000000	6000000000000000
1712000000000000000	6000000000000000
1713000000000000000	6000000000000000
1714000000000000000	6000000000000000
1715000000000000000	6000000000000000
1716000000000000000	6000000000000000
1717000000000000000	6000000000000000
1718000000000000000	6000000000000000
1719000000000000000	6000000000000000
1720000000000000000	6000000000000000
1721000000000000000	6000000000000000
1722000000000000000	6000000000000000
1723000000000000000	6000000000000000
1724000000000000000	6000000000000000
1725000000000000000	6000000000000000
1726000000000000000	6000000000000000
1727000000000000000	6000000000000000
1728000000000000000	6000000000000000
1729000000000000000	6000000000000000
1730000000000000000	6000000000000000
1731000000000000000	6000000000000000
1732000000000000000	6000000000000000
1733000000000000000	6000000000000000
1734000000000000000	6000000000000000
1735000000000000000	6000000000000000
1736000000000000000	6000000000000000
1737000000000000000	6000000000000000
1738000000000000000	6000000000000000
1739000000000000000	6000000000000000
1740000000000000000	6000000000000000
1741000000000000000	6000000000000000
1742000000000000000	6000000000000000
1743000000000000000	6000000000000000
1744000000000000000	6000000000000000
1745000000000000000	6000000000000000
1746000000000000000	6000000000000000
1747000000000000000	6000000000000000
1748000000000000000	6000000000000000
1749000000000000000	6000000000000000
1750000000000000000	6000000000000000
1751000000000000000	6000000000000000
1752000000000000000	6000000000000000
1753000000000000000	6000000000000000
1754000000000000000	6000000000000000
1755000000000000000	6000000000000000
1756000000000000000	6000000000000000
1757000000000000000	6000000000000000
1758000000000000000	6000000000000000
1759000000000000000	6000000000000000
1760000000000000000	6000000000000000
1761000000000000000	6000000000000000
1762000000000000000	6000000000000000
1763000000000000000	6000000000000000
1764000000000000000	6000000000000000
1765000000000000000	6000000000000000
1766000000000000000	6000000000000000
1767000000000000000	6000000000000000
1768000000000000000	6000000000000000
1769000000000000000	6000000000000000
1770000000000000000	6000000000000000
1771000000000000000	6000000000000000
1772000000000000000	6000000000000000
1773000000000000000	6000000000000000
1774000000000000000	6000000000000000
1775000000000000000	6000000000000000
1776000000000000000	6000000000000000
1777000000000000000	6000000000000000
1778000000000000000	6000000000000000
1779000000000000000	6000000000000000
1780000000000000000	6000000000000000
1781000000000000000	6000000000000000
1782000000000000000	6000000000000000
1783000000000000000	6000000000000000
1784000000000000000	6000000000000000
1785000000000000000	6000000000000000
1786000000000000000	6000000000000000
1787000000000000000	6000000000000000
1788000000000000000	6000000000000000
1789000000000000000	6000000000000000
1790000000000000000	6000000000000000
1791000000000000000	6000000000000000
1792000000000000000	6000000000000000
1793000000000000000	6000000000000000
1794000000000000000	6000000000000000
1795000000000000000	6000000000000000
1796000000000000000	6000000000000000
1797000000000000000	6000000000000000
1798000000000000000	6000000000000000
1799000000000000000	6000000000000000
1800000000000000000	6000000000000000
1801000000000000000	6000000000000000
1802000000000000000	6000000000000000
1803000000000000000	6000000000000000
1804000000000000000	6000000000000000
1805000000000000000	6000000000000000
1806000000000000000	6000000000000000
1807000000000000000	6000000000000000
1808000000000000000	6000000000000000
1809000000000000000	6000000000000000
1810000000000000000	6000000000000000
1811000000000000000	6000000000000000
1812000000000000000	6000000000000000
1813000000000000000	6000000000000000
1814000000000000000	6000000000000000
1815000000000000000	6000000000000000
1816000000000000000	6000000000000000
1817000000000000000	6000000000000000
1818000000000000000	6000000000000000
1819000000000000000	6000000000000000
1820000000000000000	6000000000000000
1821000000000000000	6000000000000000
1822000000000000000	6000000000000000
1823000000000000000	6000000000000000
1824000000000000000	6000000000000000
1825000000000000000	6000000000000000
1826000000000000000	6000000000000000
1827000000000000000	6000000000000000
1828000000000000000	6000000000000000
1829000000000000000	6000000000000000
1830000000000000000	6000000000000000
1831000000000000000	6000000000000000
1832000000000000000	6000000000000000
1833000000000000000	6000000000000000
1834000000000000000	6000000000000000
1835000000000000000	6000000000000000
1836000000000000000	6000000000000000
1837000000000000000	6000000000000000
1838000000000000000	6000000000000000
1839000000000000000	6000000000000000
1840000000000000000	6000000000000000
1841000000000000000	6000000000000000
1842000000000000000	6000000000000000
1843000000000000000	6000000000000000
1844000000000000000	6000000000000000
1845000000000000000	6000000000000000
1846000000000000000	6000000000000000
1847000000000000000	6000000000000000
1848000000000000000	6000000000000000
1849000000000000000	6000000000000000
1850000000000000000	6000000000000000
1851000000000000000	6000000000000000
1852000000000000000	6000000000000000
1853000000000000000	6000000000000000
1854000000000000000	6000000000000000
1855000000000000000	6000000000000000
1856000000000000000	6000000000000000
1857000000000000000	6000000000000000
1858000000000000000	6000000000000000
1859000000000000000	6000000000000000
1860000000000000000	6000000000000000
1861000000000000000	6000000000000000
1862000000000000000	6000000000000000
1863000000000000000	6000000000000000
1864000000000000000	6000000000000000
1865000000000000000	6000000000000000
1866000000000000000	6000000000000000
1867000000000000000	6000000000000000
1868000000000000000	6000000000000000
1869000000000000000	6000000000000000
1870000000000000000	6000000000000000
1871000000000000000	6000000000000000
1872000000000000000	6000000000000000
1873000000000000000	6000000000000000
1874000000000000000	6000000000000000
1875000000000000000	6000000000000000
1876000000000000000	6000000000000000
1877000000000000000	6000000000000000
1878000000000000000	6000000000000000
1879000000000000000	6000000000000000
1880000000000000000	6000000000000000
1881000000000000000	6000000000000000
1882000000000000000	6000000000000000
1883000000000000000	6000000000000000
1884000000000000000	6000000000000000
1885000000000000000	6000000000000000
1886000000000000000	6000000000000000
1887000000000000000	6000000000000000
1888000000000000000	6000000000000000
1889000000000000000	6000000000000000
1890000000000000000	6000000000000000
1891000000000000000	6000000000000000
1892000000000000000	6000000000000000
1893000000000000000	6000000000000000
1894000000000000000	6000000000000000
1895000000000000000	6000000000000000
1896000000000000000	6000000000000000
1897000000000000000	6000000000000000
1898000000000000000	6000000000000000
1899000000000000000	6000000000000000
1900000000000000000	6000000000000000
1901000000000000000	6000000000000000
1902000000000000000	6000000000000000
1903000000000000000	6000000000000000
1904000000000000000	6000000000000000
1905000000000000000	6000000000000000
1906000000000000000	6000000000000000
1907000000000000000	6000000000000000
1908000000000000000	6000000000000000
1909000000000000000	6000000000000000
1910000000000000000	6000000000000000
1911000000000000000	6000000000000000
1912000000000000000	6000000000000000
1913000000000000000	6000000000000000
1914000000000000000	6000000000000000
1915000000000000000	6000000000000000
1916000000000000000	6000000000000000
1917000000000000000	6000000000000000
1918000000000000000	6000000000000000
1919000000000000000	6000000000000000
1920000000000000000	6000000000000000
1921000000000000000	6000000000000000
1922000000000000000	6000000000000000
1923000000000000000	6000000000000000
1924000000000000000	6000000000000000
1925000000000000000	6000000000000000
1926000000000000000	6000000000000000
1927000000000000000	6000000000000000
1928000000000000000	6000000000000000
1929000000000000000	6000000000000000
1930000000000000000	6000000000000000
1931000000000000000	6000000000000000
1932000000000000000	6000000000000000
1933000000000000000	6000000000000000
1934000000000000000	6000000000000000
1935000000000000000	6000000000000000
1936000000000000000	6000000000000000
1937000000000000000	6000000000000000
1938000000000000000	6000000000000000
1939000000000000000	6000000000000000
1940000000000000000	6000000000000000
1941000000000000000	6000000000000000
1942000000000000000	6000000000000000
1943000000000000000	6000000000000000
1944000000000000000	6000000000000000
1945000000000000000	6000000000000000
1946000000000000000	6000000000000000
1947000000000000000	6000000000000000
1948000000000000000	6000000000000000
1949000000000000000	6000000000000000
1950000000000000000	6000000000000000
1951000000000000000	6000000000000000
1952000000000000000	6000000000000000
1953000000000000000	6000000000000000
1954000000000000000	6000000000000000
1955000000000000000	6000000000000000
1956000000000000000	6000000000000000
1957000000000000000	6000000000000000
1958000000000000000	6000000000000000
1959000000000000000	6000000000000000
1960000000000000000	6000000000000000
1961000000000000000	6000000000000000
1962000000000000000	6000000000000000
1963000000000000000	6000000000000000
1964000000000000000	6000000000000000
1965000000000000000	6000000000000000
1966000000000000000	6000000000000000
1967000000000000000	6000000000000000
1968000000000000000	6000000000000000
1969000000000000000	6000000000000000
1970000000000000000	6000000000000000
1971000000000000000	6000000000000000
1972000000000000000	6000000000000000
1973000000000000000	6000000000000000
1974000000000000000	6000000000000000
1975000000000000000	6000000000000000
1976000000000000000	6000000000000000
1977000000000000000	6000000000000000
1978000000000000000	6000000000000000
1979000000000000000	6000000000000000
1980000000000000000	6000000000000000
1981000000000000000	6000000000000000
1982000000000000000	6000000000000000
1983000000000000000	6000000000000000
1984000000000000000	6000000000000000
1985000000000000000	6000000000000000
1986000000000000000	6000000000000000
1987000000000000000	6000000000000000
1988000000000000000	6000000000000000
1989000000000000000	6000000000000000
1990000000000000000	6000000000000000
1991000000000000000	6000000000000000
1992000000000000000	6000000000000000
1993000000000000000	6000000000000000
1994000000000000000	6000000000000000
1995000000000000000	6000000000000000
1996000000000000000	6000000000000000
1997000000000000000	6000000000000000
1998000000000000000	6000000000000000
1999000000000000000	6000000000000000
