block	shorEMA	longEMA	rFactor	fee
0	1000000000000000000	1000000000000000000	999814831956828962	2499991713745403
20	1000000000000000000	1000000000000000000	996118662969294582	2499820310976579
40	1000000000000000000	1000000000000000000	992436158177116931	2499637448560561
60	1000000000000000000	1000000000000000000	988767267065767210	2499442103059121
80	1000000000000000000	1000000000000000000	985111939307461445	2499233135403801
100	1000000000000000000	1000000000000000000	981470124760470100	2499009274974643
120	1000000000000000000	1000000000000000000	977841773468430266	2498769101077499
140	1000000000000000000	1000000000000000000	974226835659660401	2498511021325421
160	1000000000000000000	1000000000000000000	970625261746477574	2498233246321942
180	1000000000000000000	1000000000000000000	967037002324517249	2497933759909839
200	1000000000000000000	1000000000000000000	963462008172055599	2497610284080842
220	1000000000000000000	1000000000000000000	959900230249334291	2497260237430210
240	1000000000000000000	1000000000000000000	956351619697887805	2496880685772470
260	1000000000000000000	1000000000000000000	952816127839873205	2496468283194342
280	1000000000000000000	1000000000000000000	949293706177402411	2496019201385717
300	1000000000000000000	1000000000000000000	945784306391876933	2495529044529992
320	1000000000000000000	1000000000000000000	942287880343325061	2494992746311043
340	1000000000000000000	1000000000000000000	938804380069741512	2494404444651616
360	1000000000000000000	1000000000000000000	935333757786429508	2493757328562752
380	1000000000000000000	1000000000000000000	931875965885345299	2493043449854451
400	1000000000000000000	1000000000000000000	928430956934445095	2492253490292707
420	1000000000000000000	1000000000000000000	924998683677034431	2491376471890295
440	1000000000000000000	1000000000000000000	921579099031119911	2490399394110339
460	1000000000000000000	1000000000000000000	918172156088763380	2489306776448570
480	1000000000000000000	1000000000000000000	914777808115438457	2488080077577717
500	1000000000000000000	1000000000000000000	911396008549389454	2486696952171461
520	1000000000000000000	1000000000000000000	908026711000992686	2485130292490830
540	1000000000000000000	1000000000000000000	904669869252120103	2483346982076331
560	1000000000000000000	1000000000000000000	901325437255505301	2481306260880596
580	1000000000000000000	1000000000000000000	897993369134111890	2478957561091905
600	1000000000000000000	1000000000000000000	894673619180504146	2476237615063549
620	1000000000000000000	1000000000000000000	891366141856220054	2473066552711777
640	1000000000000000000	1000000000000000000	888070891791146613	2469342582910007
660	1000000000000000000	1000000000000000000	884787823782897494	2464934673410625
680	1000000000000000000	1000000000000000000	881516892796192960	2459672380687129
700	1000000000000000000	1000000000000000000	878258053962242110	2453331600779907
720	1000000000000000000	1000000000000000000	875011262578127395	2445614478280354
740	1000000000000000000	1000000000000000000	871776474106191400	2436121009784348
760	1000000000000000000	1000000000000000000	868553644173425902	2424309106150938
780	1000000000000000000	1000000000000000000	865342728570863203	2409439494551573
800	1000000000000000000	1000000000000000000	862143683252969669	2390503387748397
820	1000000000000000000	1000000000000000000	858956464337041558	2366138858808175
840	1000000000000000000	1000000000000000000	855781028102603062	2334568565686445
860	1000000000000000000	1000000000000000000	852617330990806556	2293666417818343
880	1000000000000000000	1000000000000000000	849465329603835101	2241440280903787
900	1000000000000000000	1000000000000000000	846324980704307139	2177538281079409
920	1000000000000000000	1000000000000000000	843196241214683362	2106527734482934
940	1000000000000000000	1000000000000000000	840079068216675824	2042092746222649
960	1000000000000000000	1000000000000000000	836973418950659206	2006048272684040
980	1000000000000000000	1000000000000000000	833879250815084254	1992693930308585
1000	1000000000000000000	1000000000000000000	830796521365893405	1944071407322297
1020	1000000000000000000	1000000000000000000	827725188315938559	1876168198034739
1040	1000000000000000000	1000000000000000000	824665209534401012	1808125459645909
1060	1000000000000000000	1000000000000000000	821616543046213520	1749460975193241
1080	1000000000000000000	1000000000000000000	818579147031484517	1702305789473594
1100	1000000000000000000	1000000000000000000	815552979824924453	1665481769536785
1120	1000000000000000000	1000000000000000000	812537999915274247	1636941219982498
1140	1000000000000000000	1000000000000000000	809534165944735862	1614747352392341
1160	1000000000000000000	1000000000000000000	806541436708404986	1597340468337714
1180	1000000000000000000	1000000000000000000	803559771153705803	1583539287654762
1200	1000000000000000000	1000000000000000000	800589128379827854	1572469691887248
1220	1000000000000000000	1000000000000000000	797629467637164987	1563488545109770
1240	1000000000000000000	1000000000000000000	794680748326756373	1556121252905646
1260	1000000000000000000	1000000000000000000	791742929999729595	1550015010478604
1280	1000000000000000000	1000000000000000000	788815972356745797	1544905048926265
1300	1000000000000000000	1000000000000000000	785899835247446869	1540590589696916
1320	1000000000000000000	1000000000000000000	782994478669904700	1536917750934789
1340	1000000000000000000	1000000000000000000	780099862770072445	1533767349496824
1360	1000000000000000000	1000000000000000000	777215947841237837	1531046135645454
1380	1000000000000000000	1000000000000000000	774342694323478499	1528680439856013
1400	1000000000000000000	1000000000000000000	771480062803119296	1526611524369046
1420	1000000000000000000	1000000000000000000	768628014012191688	1524792148877686
1440	1000000000000000000	1000000000000000000	765786508827895050	1523184008514458
1460	1000000000000000000	1000000000000000000	762955508272060021	1521755804335160
1480	1000000000000000000	1000000000000000000	760134973510613829	1520481776718632
1500	1000000000000000000	1000000000000000000	757324865853047582	1519340580716683
1520	1000000000000000000	1000000000000000000	754525146751885523	1518314416293708
1540	1000000000000000000	1000000000000000000	751735777802156273	1517388350234406
1560	1000000000000000000	1000000000000000000	748956720740866009	1516549783402079
1580	1000000000000000000	1000000000000000000	746187937446473588	1515788029120285
1600	1000000000000000000	1000000000000000000	743429389938367618	1515093977172540
1620	1000000000000000000	1000000000000000000	740681040376345472	1514459824259985
1640	1000000000000000000	1000000000000000000	737942851060094201	1513878856411360
1660	1000000000000000000	1000000000000000000	735214784428673401	1513345272281153
1680	1000000000000000000	1000000000000000000	732496803059999950	1512854038836207
1700	1000000000000000000	1000000000000000000	729788869670334700	1512400772856291
1720	1000000000000000000	1000000000000000000	727090947113771013	1511981643129758
1740	1000000000000000000	1000000000000000000	724402998381725237	1511593289333726
1760	1000000000000000000	1000000000000000000	721724986602429026	1511232754437594
1780	1000000000000000000	1000000000000000000	719056875040423564	1510897428123813
1800	1000000000000000000	1000000000000000000	716398627096055644	1510584999228256
1820	1000000000000000000	1000000000000000000	713750206304975621	1510293415599342
1840	1000000000000000000	1000000000000000000	711111576337637201	1510020850086548
1860	1000000000000000000	1000000000000000000	708482700998799107	1509765671614843
1880	1000000000000000000	1000000000000000000	705863544227028566	1509526420496539
1900	1000000000000000000	1000000000000000000	703254070094206642	1509301787287605
1920	1000000000000000000	1000000000000000000	700654242805035387	1509090594620015
1940	1000000000000000000	1000000000000000000	698064026696546836	1508891781541973
1960	1000000000000000000	1000000000000000000	695483386237613778	1508704389978898
1980	1000000000000000000	1000000000000000000	692912286028462392	1508527552993830
2000	1000000000000000000	1000000000000000000	690350690800186622	1508360484579546
2020	1000000000000000000	1000000000000000000	687798565414264400	1508202470758595
2040	1000000000000000000	1000000000000000000	685255874862075620	1508052861803466
2060	1000000000000000000	1000000000000000000	682722584264421925	1507911065418887
2080	1000000000000000000	1000000000000000000	680198658871048242	1507776540752804
2100	1000000000000000000	1000000000000000000	677684064060166098	1507648793123064
2120	1000000000000000000	1000000000000000000	675178765337978704	1507527369363796
2140	1000000000000000000	1000000000000000000	672682728338207785	1507411853709738
2160	1000000000000000000	1000000000000000000	670195918821622161	1507301864148674
2180	1000000000000000000	1000000000000000000	667718302675568080	1507197049182147
2200	1000000000000000000	1000000000000000000	665249845913501268	1507097084943101
2220	1000000000000000000	1000000000000000000	662790514674520730	1507001672626232
2240	1000000000000000000	1000000000000000000	660340275222904261	1506910536192890
2260	1000000000000000000	1000000000000000000	657899093947645679	1506823420317531
2280	1000000000000000000	1000000000000000000	655466937361993774	1506740088547120
2300	1000000000000000000	1000000000000000000	653043772102992943	1506660321648614
2320	1000000000000000000	1000000000000000000	650629564931025551	1506583916122902
2340	1000000000000000000	1000000000000000000	648224282729355952	1506510682866297
2360	1000000000000000000	1000000000000000000	645827892503676224	1506440445963096
2380	1000000000000000000	1000000000000000000	643440361381653576	1506373041594730
2400	1000000000000000000	1000000000000000000	641061656612479405	1506308317052824
2420	1000000000000000000	1000000000000000000	638691745566420055	1506246129844998
2440	1000000000000000000	1000000000000000000	636330595734369222	1506186346883600
2460	1000000000000000000	1000000000000000000	633978174727401995	1506128843748666
2480	1000000000000000000	1000000000000000000	631634450276330584	1506073504017480
2500	1000000000000000000	1000000000000000000	629299390231261651	1506020218653907
2520	1000000000000000000	1000000000000000000	626972962561155317	1505968885451519
2540	1000000000000000000	1000000000000000000	624655135353385749	1505919408525131
2560	1000000000000000000	1000000000000000000	622345876813303432	1505871697846027
2580	1000000000000000000	1000000000000000000	620045155263799005	1505825668816605
2600	1000000000000000000	1000000000000000000	617752939144868745	1505781241880695
2620	1000000000000000000	1000000000000000000	615469197013181637	1505738342166142
2640	1000000000000000000	1000000000000000000	613193897541648057	1505696899156657
2660	1000000000000000000	1000000000000000000	610927009518990041	1505656846390213
2680	1000000000000000000	1000000000000000000	608668501849313148	1505618121181565
2700	1000000000000000000	1000000000000000000	606418343551679907	1505580664366711
2720	1000000000000000000	1000000000000000000	604176503759684830	1505544420067335
2740	1000000000000000000	1000000000000000000	601942951721031019	1505509335473454
2760	1000000000000000000	1000000000000000000	599717656797108299	1505475360642698
2780	1000000000000000000	1000000000000000000	597500588462572957	1505442448314755
2800	1000000000000000000	1000000000000000000	595291716304929007	1505410553739716
2820	1000000000000000000	1000000000000000000	593091010024111002	1505379634519111
2840	1000000000000000000	1000000000000000000	590898439432068399	1505349650458600
2860	1000000000000000000	1000000000000000000	588713974452351458	1505320563431331
2880	1000000000000000000	1000000000000000000	586537585119698662	1505292337251109
2900	1000000000000000000	1000000000000000000	584369241579625690	1505264937554559
2920	1000000000000000000	1000000000000000000	582208914088015861	1505238331691576
2940	1000000000000000000	1000000000000000000	580056573010712149	1505212488623398
2960	1000000000000000000	1000000000000000000	577912188823110657	1505187378827694
2980	1000000000000000000	1000000000000000000	575775732109755632	1505162974210131
3000	1000000000000000000	1000000000000000000	573647173563935948	1505139248021907
3020	1000000000000000000	1000000000000000000	571526483987283096	1505116174782808
3040	1000000000000000000	1000000000000000000	569413634289370657	1505093730209356
3060	1000000000000000000	1000000000000000000	567308595487315267	1505071891147673
3080	1000000000000000000	1000000000000000000	565211338705379027	1505050635510710
3100	1000000000000000000	1000000000000000000	563121835174573418	1505029942219517
3120	1000000000000000000	1000000000000000000	561040056232264651	1505009791148264
3140	1000000000000000000	1000000000000000000	558965973321780501	1504990163072729
3160	1000000000000000000	1000000000000000000	556899557992018578	1504971039622026
3180	1000000000000000000	1000000000000000000	554840781897056043	1504952403233316
3200	1000000000000000000	1000000000000000000	552789616795760790	1504934237109316
3220	1000000000000000000	1000000000000000000	550746034551404039	1504916525178392
3240	1000000000000000000	1000000000000000000	548710007131274374	1504899252057070
3260	1000000000000000000	1000000000000000000	546681506606293209	1504882403014790
3280	1000000000000000000	1000000000000000000	544660505150631667	1504865963940756
3300	1000000000000000000	1000000000000000000	542646975041328887	1504849921312736
3320	1000000000000000000	1000000000000000000	540640888657911736	1504834262167691
3340	1000000000000000000	1000000000000000000	538642218482015919	1504818974074096
3360	1000000000000000000	1000000000000000000	536650937097008510	1504804045105860
3380	1000000000000000000	1000000000000000000	534667017187611855	1504789463817725
3400	1000000000000000000	1000000000000000000	532690431539528877	1504775219222055
3420	1000000000000000000	1000000000000000000	530721153039069775	1504761300766932
3440	1000000000000000000	1000000000000000000	528759154672780086	1504747698315463
3460	1000000000000000000	1000000000000000000	526804409527070134	1504734402126230
3480	1000000000000000000	1000000000000000000	524856890787845838	1504721402834812
3500	1000000000000000000	1000000000000000000	522916571740140892	1504708691436304
3520	1000000000000000000	1000000000000000000	520983425767750316	1504696259268785
3540	1000000000000000000	1000000000000000000	519057426352865335	1504684097997661
3560	1000000000000000000	1000000000000000000	517138547075709631	1504672199600848
3580	1000000000000000000	1000000000000000000	515226761614176930	1504660556354723
3600	1000000000000000000	1000000000000000000	513322043743469931	1504649160820819
3620	1000000000000000000	1000000000000000000	511424367335740560	1504638005833201
3640	1000000000000000000	1000000000000000000	509533706359731575	1504627084486500
3660	1000000000000000000	1000000000000000000	507650034880419490	1504616390124550
3680	1000000000000000000	1000000000000000000	505773327058658774	1504605916329603
3700	1000000000000000000	1000000000000000000	503903557150827466	1504595656912093
3720	1000000000000000000	1000000000000000000	502040699508473981	1504585605900897
3740	1000000000000000000	1000000000000000000	500184728577965307	1504575757534098
3760	1000000000000000000	1000000000000000000	498335618900136479	1504566106250184
3780	1000000000000000000	1000000000000000000	496493345109941326	1504556646679689
3800	1000000000000000000	1000000000000000000	494657881936104547	1504547373637235
3820	1000000000000000000	1000000000000000000	492829204200775034	1504538282113960
3840	1000000000000000000	1000000000000000000	491007286819180512	1504529367270307
3860	1000000000000000000	1000000000000000000	489192104799283435	1504520624429152
3880	1000000000000000000	1000000000000000000	487383633241438159	1504512049069265
3900	1000000000000000000	1000000000000000000	485581847338049383	1504503636819068
3920	1000000000000000000	1000000000000000000	483786722373231847	1504495383450692
3940	1000000000000000000	1000000000000000000	481998233722471310	1504487284874301
3960	1000000000000000000	1000000000000000000	480216356852286739	1504479337132684
3980	1000000000000000000	1000000000000000000	478441067319893797	1504471536396088
4000	1000000000000000000	1000000000000000000	476672340772869543	1504463878957288
4020	1000000000000000000	1000000000000000000	474910152948818362	1504456361226878
4040	1000000000000000000	1000000000000000000	473154479675039178	1504448979728775
4060	1000000000000000000	1000000000000000000	471405296868193843	1504441731095919
4080	1000000000000000000	1000000000000000000	469662580533976777	1504434612066165
4100	1000000000000000000	1000000000000000000	467926306766785842	1504427619478355
4120	1000000000000000000	1000000000000000000	466196451749394412	1504420750268563
4140	1000000000000000000	1000000000000000000	464472991752624647	1504414001466499
4160	1000000000000000000	1000000000000000000	462755903135022011	1504407370192069
4180	1000000000000000000	1000000000000000000	461045162342530961	1504400853652085
4200	1000000000000000000	1000000000000000000	459340745908171848	1504394449137114
4220	1000000000000000000	1000000000000000000	457642630451719002	1504388154018452
4240	1000000000000000000	1000000000000000000	455950792679380035	1504381965745241
4260	1000000000000000000	1000000000000000000	454265209383476291	1504375881841690
4280	1000000000000000000	1000000000000000000	452585857442124497	1504369899904423
4300	1000000000000000000	1000000000000000000	450912713818919609	1504364017599930
4320	1000000000000000000	1000000000000000000	449245755562618787	1504358232662123
4340	1000000000000000000	1000000000000000000	447584959806826578	1504352542889996
4360	1000000000000000000	1000000000000000000	445930303769681246	1504346946145374
4380	1000000000000000000	1000000000000000000	444281764753542257	1504341440350758
4400	1000000000000000000	1000000000000000000	442639320144678927	1504336023487251
4420	1000000000000000000	1000000000000000000	441002947412960231	1504330693592568
4440	1000000000000000000	1000000000000000000	439372624111545735	1504325448759131
4460	1000000000000000000	1000000000000000000	437748327876577683	1504320287132228
4480	1000000000000000000	1000000000000000000	436130036426874223	1504315206908254
4500	1000000000000000000	1000000000000000000	434517727563623776	1504310206333014
4520	1000000000000000000	1000000000000000000	432911379170080513	1504305283700091
4540	1000000000000000000	1000000000000000000	431310969211260980	1504300437349287
4560	1000000000000000000	1000000000000000000	429716475733641822	1504295665665109
4580	1000000000000000000	1000000000000000000	428127876864858650	1504290967075322
4600	1000000000000000000	1000000000000000000	426545150813405997	1504286340049556
4620	1000000000000000000	1000000000000000000	424968275868338408	1504281783097960
4640	1000000000000000000	1000000000000000000	423397230398972607	1504277294769916
4660	1000000000000000000	1000000000000000000	421831992854590782	1504272873652788
4680	1000000000000000000	1000000000000000000	420272541764144981	1504268518370728
4700	1000000000000000000	1000000000000000000	418718855735962563	1504264227583522
4720	1000000000000000000	1000000000000000000	417170913457452761	1504259999985478
4740	1000000000000000000	1000000000000000000	415628693694814348	1504255834304354
4760	1000000000000000000	1000000000000000000	414092175292744346	1504251729300326
4780	1000000000000000000	1000000000000000000	412561337174147819	1504247683764993
4800	1000000000000000000	1000000000000000000	411036158339848787	1504243696520418
4820	1000000000000000000	1000000000000000000	409516617868302131	1504239766418201
4840	1000000000000000000	1000000000000000000	408002694915306631	1504235892338587
4860	1000000000000000000	1000000000000000000	406494368713719008	1504232073189607
4880	1000000000000000000	1000000000000000000	404991618573169095	1504228307906243
4900	1000000000000000000	1000000000000000000	403494423879775974	1504224595449629
4920	1000000000000000000	1000000000000000000	402002764095865234	1504220934806277
4940	1000000000000000000	1000000000000000000	400516618759687227	1504217324987329
4960	1000000000000000000	1000000000000000000	399035967485136416	1504213765027835
4980	1000000000000000000	1000000000000000000	397560789961471691	1504210253986055
5000	1000000000000000000	1000000000000000000	396091065953037786	1504206790942789
5020	1000000000000000000	1000000000000000000	394626775298987690	1504203375000724
5040	1000000000000000000	1000000000000000000	393167897913006085	1504200005283807
5060	1000000000000000000	1000000000000000000	391714413783033821	1504196680936636
5080	1000000000000000000	1000000000000000000	390266302970993402	1504193401123873
5100	1000000000000000000	1000000000000000000	388823545612515479	1504190165029679
5120	1000000000000000000	1000000000000000000	387386121916666373	1504186971857162
5140	1000000000000000000	1000000000000000000	385954012165676581	1504183820827845
5160	1000000000000000000	1000000000000000000	384527196714670315	1504180711181158
5180	1000000000000000000	1000000000000000000	383105655991396000	1504177642173936
5200	1000000000000000000	1000000000000000000	381689370495957828	1504174613079941
5220	1000000000000000000	1000000000000000000	380278320800548233	1504171623189395
5240	1000000000000000000	1000000000000000000	378872487549181415	1504168671808532
5260	1000000000000000000	1000000000000000000	377471851457427822	1504165758259159
5280	1000000000000000000	1000000000000000000	376076393312149606	1504162881878239
5300	1000000000000000000	1000000000000000000	374686093971237075	1504160042017477
5320	1000000000000000000	1000000000000000000	373300934363346125	1504157238042926
5340	1000000000000000000	1000000000000000000	371920895487636602	1504154469334606
5360	1000000000000000000	1000000000000000000	370545958413511688	1504151735286130
5380	1000000000000000000	1000000000000000000	369176104280358195	1504149035304345
5400	1000000000000000000	1000000000000000000	367811314297287873	1504146368808983
5420	1000000000000000000	1000000000000000000	366451569742879625	1504143735232323
5440	1000000000000000000	1000000000000000000	365096851964922709	1504141134018865
5460	1000000000000000000	1000000000000000000	363747142380160874	1504138564625010
5480	1000000000000000000	1000000000000000000	362402422474037437	1504136026518753
5500	1000000000000000000	1000000000000000000	361062673800441338	1504133519179385
5520	1000000000000000000	1000000000000000000	359727877981454074	1504131042097202
5540	1000000000000000000	1000000000000000000	358398016707097608	1504128594773225
5560	1000000000000000000	1000000000000000000	357073071735083230	1504126176718929
5580	1000000000000000000	1000000000000000000	355753024890561280	1504123787455974
5600	1000000000000000000	1000000000000000000	354437858065871873	1504121426515953
5620	1000000000000000000	1000000000000000000	353127553220296471	1504119093440139
5640	1000000000000000000	1000000000000000000	351822092379810446	1504116787779247
5660	1000000000000000000	1000000000000000000	350521457636836497	1504114509093197
5680	1000000000000000000	1000000000000000000	349225631149999020	1504112256950887
5700	1000000000000000000	1000000000000000000	347934595143879358	1504110030929969
5720	1000000000000000000	1000000000000000000	346648331908771973	1504107830616638
5740	1000000000000000000	1000000000000000000	345366823800441521	1504105655605421
5760	1000000000000000000	1000000000000000000	344090053239880801	1504103505498975
5780	1000000000000000000	1000000000000000000	342818002713069636	1504101379907890
5800	1000000000000000000	1000000000000000000	341550654770734610	1504099278450497
5820	1000000000000000000	1000000000000000000	340287992028109725	1504097200752680
5840	1000000000000000000	1000000000000000000	339029997164697902	1504095146447701
5860	1000000000000000000	1000000000000000000	337776652924033413	1504093115176018
5880	1000000000000000000	1000000000000000000	336527942113445151	1504091106585117
5900	1000000000000000000	1000000000000000000	335283847603820806	1504089120329348
5920	1000000000000000000	1000000000000000000	334044352329371870	1504087156069758
5940	1000000000000000000	1000000000000000000	332809439287399572	1504085213473938
5960	1000000000000000000	1000000000000000000	331579091538061612	1504083292215872
5980	1000000000000000000	1000000000000000000	330353292204139824	1504081391975783
6000	1000000000000000000	1000000000000000000	329132024470808632	1504079512439990
6020	1000000000000000000	1000000000000000000	327915271585404410	1504077653300772
6040	1000000000000000000	1000000000000000000	326703016857195677	1504075814256227
6060	1000000000000000000	1000000000000000000	325495243657154146	1504073995010137
6080	1000000000000000000	1000000000000000000	324291935417726597	1504072195271844
6100	1000000000000000000	1000000000000000000	323093075632607649	1504070414756119
6120	1000000000000000000	1000000000000000000	321898647856513294	1504068653183043
6140	1000000000000000000	1000000000000000000	320708635704955346	1504066910277884
6160	1000000000000000000	1000000000000000000	319523022854016664	1504065185770982
6180	1000000000000000000	1000000000000000000	318341793040127235	1504063479397638
6200	1000000000000000000	1000000000000000000	317164930059841088	1504061790897998
6220	1000000000000000000	1000000000000000000	315992417769614019	1504060120016954
6240	1000000000000000000	1000000000000000000	314824240085582135	1504058466504029
6260	1000000000000000000	1000000000000000000	313660380983341241	1504056830113284
6280	1000000000000000000	1000000000000000000	312500824497727010	1504055210603214
6300	1000000000000000000	1000000000000000000	311345554722595994	1504053607736652
6320	1000000000000000000	1000000000000000000	310194555810607421	1504052021280674
6340	1000000000000000000	1000000000000000000	309047811973005823	1504050451006510
6360	1000000000000000000	1000000000000000000	307905307479404451	1504048896689450
6380	1000000000000000000	1000000000000000000	306767026657569477	1504047358108761
6400	1000000000000000000	1000000000000000000	305632953893205048	1504045835047599
6420	1000000000000000000	1000000000000000000	304503073629739055	1504044327292926
6440	1000000000000000000	1000000000000000000	303377370368109769	1504042834635430
6460	1000000000000000000	1000000000000000000	302255828666553218	1504041356869448
6480	1000000000000000000	1000000000000000000	301138433140391371	1504039893792884
6500	1000000000000000000	1000000000000000000	300025168461821101	1504038445207139
6520	1000000000000000000	1000000000000000000	298916019359703914	1504037010917036
6540	1000000000000000000	1000000000000000000	297810970619356493	1504035590730746
6560	1000000000000000000	1000000000000000000	296710007082341962	1504034184459723
6580	1000000000000000000	1000000000000000000	295613113646261976	1504032791918633
6600	1000000000000000000	1000000000000000000	294520275264549544	1504031412925287
6620	1000000000000000000	1000000000000000000	293431476946262621	1504030047300581
6640	1000000000000000000	1000000000000000000	292346703755878490	1504028694868425
6660	1000000000000000000	1000000000000000000	291265940813088865	1504027355455689
6680	1000000000000000000	1000000000000000000	290189173292595782	1504026028892140
6700	1000000000000000000	1000000000000000000	289116386423908234	1504024715010380
6720	1000000000000000000	1000000000000000000	288047565491139561	1504023413645793
6740	1000000000000000000	1000000000000000000	286982695832805566	1504022124636490
6760	1000000000000000000	1000000000000000000	285921762841623424	1504020847823249
6780	1000000000000000000	1000000000000000000	284864751964311293	1504019583049465
6800	1000000000000000000	1000000000000000000	283811648701388679	1504018330161099
6820	1000000000000000000	1000000000000000000	282762438606977547	1504017089006624
6840	1000000000000000000	1000000000000000000	281717107288604158	1504015859436977
6860	1000000000000000000	1000000000000000000	280675640407001626	1504014641305512
6880	1000000000000000000	1000000000000000000	279638023675913263	1504013434467948
6900	1000000000000000000	1000000000000000000	278604242861896546	1504012238782328
6920	1000000000000000000	1000000000000000000	277574283784127930	1504011054108970
6940	1000000000000000000	1000000000000000000	276548132314208288	1504009880310423
6960	1000000000000000000	1000000000000000000	275525774375969114	1504008717251428
6980	1000000000000000000	1000000000000000000	274507195945279438	1504007564798868
7000	1000000000000000000	1000000000000000000	273492383049853440	1504006422821734
7020	1000000000000000000	1000000000000000000	272481321769058811	1504005291191081
7040	1000000000000000000	1000000000000000000	271473998233725760	1504004169779990
7060	1000000000000000000	1000000000000000000	270470398625956803	1504003058463526
7080	1000000000000000000	1000000000000000000	269470509178937185	1504001957118706
7100	1000000000000000000	1000000000000000000	268474316176746064	1504000865624458
7120	1000000000000000000	1000000000000000000	267481805954168337	1503999783861586
7140	1000000000000000000	1000000000000000000	266492964896507192	1503998711712734
7160	1000000000000000000	1000000000000000000	265507779439397380	1503997649062353
7180	1000000000000000000	1000000000000000000	264526236068619109	1503996595796667
7200	1000000000000000000	1000000000000000000	263548321319912673	1503995551803638
7220	1000000000000000000	1000000000000000000	262574021778793777	1503994516972937
7240	1000000000000000000	1000000000000000000	261603324080369492	1503993491195909
7260	1000000000000000000	1000000000000000000	260636214909154963	1503992474365545
7280	1000000000000000000	1000000000000000000	259672680998890704	1503991466376450
7300	1000000000000000000	1000000000000000000	258712709132360673	1503990467124814
7320	1000000000000000000	1000000000000000000	257756286141210921	1503989476508383
7340	1000000000000000000	1000000000000000000	256803398905768993	1503988494426432
7360	1000000000000000000	1000000000000000000	255854034354863922	1503987520779734
7380	1000000000000000000	1000000000000000000	254908179465646958	1503986555470536
7400	1000000000000000000	1000000000000000000	253965821263412911	1503985598402533
7420	1000000000000000000	1000000000000000000	253026946821422178	1503984649480836
7440	1000000000000000000	1000000000000000000	252091543260723418	1503983708611956
7460	1000000000000000000	1000000000000000000	251159597749976887	1503982775703770
7480	1000000000000000000	1000000000000000000	250231097505278414	1503981850665504
7500	1000000000000000000	1000000000000000000	249306029789984070	1503980933407704
7520	1000000000000000000	1000000000000000000	248384381914535419	1503980023842213
7540	1000000000000000000	1000000000000000000	247466141236285472	1503979121882154
7560	1000000000000000000	1000000000000000000	246551295159325234	1503978227441898
7580	1000000000000000000	1000000000000000000	245639831134310967	1503977340437050
7600	1000000000000000000	1000000000000000000	244731736658292010	1503976460784425
7620	1000000000000000000	1000000000000000000	243826999274539266	1503975588402026
7640	1000000000000000000	1000000000000000000	242925606572374356	1503974723209023
7660	1000000000000000000	1000000000000000000	242027546186999360	1503973865125736
7680	1000000000000000000	1000000000000000000	241132805799327194	1503973014073609
7700	1000000000000000000	1000000000000000000	240241373135812653	1503972169975200
7720	1000000000000000000	1000000000000000000	239353235968284008	1503971332754152
7740	1000000000000000000	1000000000000000000	238468382113775309	1503970502335182
7760	1000000000000000000	1000000000000000000	237586799434359230	1503969678644057
7780	1000000000000000000	1000000000000000000	236708475836980607	1503968861607581
7800	1000000000000000000	1000000000000000000	235833399273290500	1503968051153574
7820	1000000000000000000	1000000000000000000	234961557739480982	1503967247210857
7840	1000000000000000000	1000000000000000000	234092939276120420	1503966449709233
7860	1000000000000000000	1000000000000000000	233227531967989467	1503965658579473
7880	1000000000000000000	1000000000000000000	232365323943917574	1503964873753299
7900	1000000000000000000	1000000000000000000	231506303376620201	1503964095163366
7920	1000000000000000000	1000000000000000000	230650458482536515	1503963322743248
7940	1000000000000000000	1000000000000000000	229797777521667803	1503962556427425
7960	1000000000000000000	1000000000000000000	228948248797416401	1503961796151265
7980	1000000000000000000	1000000000000000000	228101860656425255	1503961041851009
8000	1000000000000000000	1000000000000000000	227258601488418058	1503960293463760
8020	1000000000000000000	1000000000000000000	226418459726040012	1503959550927465
8040	1000000000000000000	1000000000000000000	225581423844699107	1503958814180903
8060	1000000000000000000	1000000000000000000	224747482362408085	1503958083163674
8080	1000000000000000000	1000000000000000000	223916623839626912	1503957357816179
8100	1000000000000000000	1000000000000000000	223088836879105838	1503956638079615
8120	1000000000000000000	1000000000000000000	222264110125729097	1503955923895956
8140	1000000000000000000	1000000000000000000	221442432266359116	1503955215207943
8160	1000000000000000000	1000000000000000000	220623792029681331	1503954511959072
8180	1000000000000000000	1000000000000000000	219808178186049575	1503953814093579
8200	1000000000000000000	1000000000000000000	218995579547332048	1503953121556435
8220	1000000000000000000	1000000000000000000	218185984966757839	1503952434293325
8240	1000000000000000000	1000000000000000000	217379383338763994	1503951752250644
8260	1000000000000000000	1000000000000000000	216575763598843211	1503951075375482
8280	1000000000000000000	1000000000000000000	215775114723392053	1503950403615616
8300	1000000000000000000	1000000000000000000	214977425729559735	1503949736919495
8320	1000000000000000000	1000000000000000000	214182685675097447	1503949075236233
8340	1000000000000000000	1000000000000000000	213390883658208280	1503948418515596
8360	1000000000000000000	1000000000000000000	212602008817397674	1503947766707997
8380	1000000000000000000	1000000000000000000	211816050331324418	1503947119764477
8400	1000000000000000000	1000000000000000000	211032997418652214	1503946477636703
8420	1000000000000000000	1000000000000000000	210252839337901792	1503945840276957
8440	1000000000000000000	1000000000000000000	209475565387303549	1503945207638122
8460	1000000000000000000	1000000000000000000	208701164904650770	1503944579673678
8480	1000000000000000000	1000000000000000000	207929627267153337	1503943956337689
8500	1000000000000000000	1000000000000000000	207160941891292034	1503943337584798
8520	1000000000000000000	1000000000000000000	206395098232673391	1503942723370215
8540	1000000000000000000	1000000000000000000	205632085785884982	1503942113649708
8560	1000000000000000000	1000000000000000000	204871894084351380	1503941508379597
8580	1000000000000000000	1000000000000000000	204114512700190531	1503940907516744
8600	1000000000000000000	1000000000000000000	203359931244070750	1503940311018545
8620	1000000000000000000	1000000000000000000	202608139365068186	1503939718842923
8640	1000000000000000000	1000000000000000000	201859126750524830	1503939130948319
8660	1000000000000000000	1000000000000000000	201112883125907076	1503938547293684
8680	1000000000000000000	1000000000000000000	200369398254664735	1503937967838472
8700	1000000000000000000	1000000000000000000	199628661938090668	1503937392542632
8720	1000000000000000000	1000000000000000000	198890664015180866	1503936821366601
8740	1000000000000000000	1000000000000000000	198155394362495041	1503936254271298
8760	1000000000000000000	1000000000000000000	197422842894017800	1503935691218114
8780	1000000000000000000	1000000000000000000	196692999561020271	1503935132168907
8800	1000000000000000000	1000000000000000000	195965854351922245	1503934577085996
8820	1000000000000000000	1000000000000000000	195241397292154874	1503934025932151
8840	1000000000000000000	1000000000000000000	194519618444023817	1503933478670590
8860	1000000000000000000	1000000000000000000	193800507906572952	1503932935264970
8880	1000000000000000000	1000000000000000000	193084055815448529	1503932395679381
8900	1000000000000000000	1000000000000000000	192370252342763865	1503931859878341
8920	1000000000000000000	1000000000000000000	191659087696964539	1503931327826789
8940	1000000000000000000	1000000000000000000	190950552122694086	1503930799490079
8960	1000000000000000000	1000000000000000000	190244635900660140	1503930274833973
8980	1000000000000000000	1000000000000000000	189541329347501153	1503929753824636
9000	1000000000000000000	1000000000000000000	188840622815653538	1503929236428631
9020	1000000000000000000	1000000000000000000	188142506693219352	1503928722612912
9040	1000000000000000000	1000000000000000000	187446971403834398	1503928212344819
9060	1000000000000000000	1000000000000000000	186754007406536934	1503927705592074
9080	1000000000000000000	1000000000000000000	186063605195636735	1503927202322770
9100	1000000000000000000	1000000000000000000	185375755300584719	1503926702505375
9120	1000000000000000000	1000000000000000000	184690448285843044	1503926206108718
9140	1000000000000000000	1000000000000000000	184007674750755669	1503925713101987
9160	1000000000000000000	1000000000000000000	183327425329419400	1503925223454727
9180	1000000000000000000	1000000000000000000	182649690690555399	1503924737136831
9200	1000000000000000000	1000000000000000000	181974461537381243	1503924254118535
9220	1000000000000000000	1000000000000000000	181301728607483297	1503923774370418
9240	1000000000000000000	1000000000000000000	180631482672689756	1503923297863391
9260	1000000000000000000	1000000000000000000	179963714538943985	1503922824568696
9280	1000000000000000000	1000000000000000000	179298415046178454	1503922354457902
9300	1000000000000000000	1000000000000000000	178635575068189042	1503921887502897
9320	1000000000000000000	1000000000000000000	177975185512509876	1503921423675888
9340	1000000000000000000	1000000000000000000	177317237320288601	1503920962949394
9360	1000000000000000000	1000000000000000000	176661721466162103	1503920505296241
9380	1000000000000000000	1000000000000000000	176008628958132717	1503920050689559
9400	1000000000000000000	1000000000000000000	175357950837444873	1503919599102780
9420	1000000000000000000	1000000000000000000	174709678178462229	1503919150509628
9440	1000000000000000000	1000000000000000000	174063802088545183	1503918704884123
9460	1000000000000000000	1000000000000000000	173420313707928936	1503918262200569
9480	1000000000000000000	1000000000000000000	172779204209601950	1503917822433556
9500	1000000000000000000	1000000000000000000	172140464799184823	1503917385557954
9520	1000000000000000000	1000000000000000000	171504086714809718	1503916951548908
9540	1000000000000000000	1000000000000000000	170870061227000140	1503916520381836
9560	1000000000000000000	1000000000000000000	170238379638551156	1503916092032426
9580	1000000000000000000	1000000000000000000	169609033284410166	1503915666476631
9600	1000000000000000000	1000000000000000000	168982013531557973	1503915243690664
9620	1000000000000000000	1000000000000000000	168357311778890415	1503914823650999
9640	1000000000000000000	1000000000000000000	167734919457100306	1503914406334363
9660	1000000000000000000	1000000000000000000	167114828028559984	1503913991717734
9680	1000000000000000000	1000000000000000000	166497028987204124	1503913579778342
9700	1000000000000000000	1000000000000000000	165881513858413068	1503913170493657
9720	1000000000000000000	1000000000000000000	165268274198896603	1503912763841393
9740	1000000000000000000	1000000000000000000	164657301596578101	1503912359799504
9760	1000000000000000000	1000000000000000000	164048587670479195	1503911958346176
9780	1000000000000000000	1000000000000000000	163442124070604706	1503911559459832
9800	1000000000000000000	1000000000000000000	162837902477828219	1503911163119119
9820	1000000000000000000	1000000000000000000	162235914603777870	1503910769302915
9840	1000000000000000000	1000000000000000000	161636152190722723	1503910377990318
9860	1000000000000000000	1000000000000000000	161038607011459432	1503909989160649
9880	1000000000000000000	1000000000000000000	160443270869199446	1503909602793446
9900	1000000000000000000	1000000000000000000	159850135597456529	1503909218868462
9920	1000000000000000000	1000000000000000000	159259193059934746	1503908837365661
9940	1000000000000000000	1000000000000000000	158670435150416857	1503908458265217
9960	1000000000000000000	1000000000000000000	158083853792653124	1503908081547512
9980	1000000000000000000	1000000000000000000	157499440940250523	1503907707193131
10000	1000000000000000000	1000000000000000000	156917188576562345	1503907335182861
10020	1000000000000000000	1000000000000000000	156337088714578285	1503906965497687
10040	1000000000000000000	1000000000000000000	155759133396814820	1503906598118792
10060	1000000000000000000	1000000000000000000	155183314695206083	1503906233027553
10080	1000000000000000000	1000000000000000000	154609624710995112	1503905870205536
10100	1000000000000000000	1000000000000000000	154038055574625488	1503905509634499
10120	1000000000000000000	1000000000000000000	153468599445633375	1503905151296385
10140	1000000000000000000	1000000000000000000	152901248512540019	1503904795173323
10160	1000000000000000000	1000000000000000000	152335994992744527	1503904441247624
10180	1000000000000000000	1000000000000000000	151772831132417153	1503904089501776
10200	1000000000000000000	1000000000000000000	151211749206392919	1503903739918449
10220	1000000000000000000	1000000000000000000	150652741518065652	1503903392480485
10240	1000000000000000000	1000000000000000000	150095800399282423	1503903047170900
10260	1000000000000000000	1000000000000000000	149540918210238309	1503902703972883
10280	1000000000000000000	1000000000000000000	148988087339371644	1503902362869790
10300	1000000000000000000	1000000000000000000	148437300203259602	1503902023845145
10320	1000000000000000000	1000000000000000000	147888549246514133	1503901686882636
10340	1000000000000000000	1000000000000000000	147341826941678374	1503901351966115
10360	1000000000000000000	1000000000000000000	146797125789123356	1503901019079593
10380	1000000000000000000	1000000000000000000	146254438316945131	1503900688207242
10400	1000000000000000000	1000000000000000000	145713757080862317	1503900359333391
10420	1000000000000000000	1000000000000000000	145175074664113915	1503900032442522
10440	1000000000000000000	1000000000000000000	144638383677357627	1503899707519272
10460	1000000000000000000	1000000000000000000	144103676758568459	1503899384548429
10480	1000000000000000000	1000000000000000000	143570946572937748	1503899063514931
10500	1000000000000000000	1000000000000000000	143040185812772546	1503898744403862
10520	1000000000000000000	1000000000000000000	142511387197395379	1503898427200454
10540	1000000000000000000	1000000000000000000	141984543473044363	1503898111890082
10560	1000000000000000000	1000000000000000000	141459647412773722	1503897798458264
10580	1000000000000000000	1000000000000000000	140936691816354625	1503897486890659
10600	1000000000000000000	1000000000000000000	140415669510176445	1503897177173065
10620	1000000000000000000	1000000000000000000	139896573347148327	1503896869291417
10640	1000000000000000000	1000000000000000000	139379396206601177	1503896563231787
10660	1000000000000000000	1000000000000000000	138864130994189981	1503896258980380
10680	1000000000000000000	1000000000000000000	138350770641796447	1503895956523533
10700	1000000000000000000	1000000000000000000	137839308107432117	1503895655847717
10720	1000000000000000000	1000000000000000000	137329736375141701	1503895356939531
10740	1000000000000000000	1000000000000000000	136822048454906901	1503895059785701
10760	1000000000000000000	1000000000000000000	136316237382550462	1503894764373080
10780	1000000000000000000	1000000000000000000	135812296219640703	1503894470688648
