block	shorEMA	longEMA	rFactor	fee
0	1000000000000000000	1000000000000000000	1000185099481459227	2502157971672655
20	1007380040264300021	1003696853463395956	1003851323967739879	2544277113530009
40	1014705615534297351	1007380040201262091	1007450277401896789	2584483574118209
60	1021977127763842938	1011049610737480011	1010983187438057422	2622873976598330
80	1029194975940352132	1014705615409151938	1014451255184517128	2659539808012364
100	1036359556106697081	1018348104367291203	1017855655898471571	2694567700377646
120	1043471261382937600	1021977127577510190	1021197539659154656	2728039695912163
140	1050530481987891629	1025592734820705736	1024478032020160374	2760033497322036
160	1057537605260546521	1029194975693741991	1027698234641695189	2790622704025244
180	1064493015681312305	1032783899610130779	1030859225903477014	2819877035132125
200	1071397094893118107	1036359555800709398	1033962061498967928	2847862539953118
220	1078250221722352864	1039921993314315964	1037007775011599872	2874641796757378
240	1085052772199651513	1043471261018462223	1039997378473626268	2900274100461978
260	1091805119580527764	1047007407600003888	1042931862908207079	2924815639890386
280	1098507634365854609	1050530481565808505	1045812198855310711	2948319665200405
300	1105160684322193674	1054040531243420838	1048639336881993104	2970836646045752
320	1111764634501974558	1057537604781725798	1051414208077592292	2992414421001657
340	1118319847263525227	1061021750151608926	1054137724534355548	3013098338753253
360	1124826682290954602	1064493015146614423	1056810779813996207	3032931391515821
380	1131285496613888389	1067951447383600769	1059434249400657803	3051954341128174
400	1137696644627059288	1071397094303393895	1062008991140744919	3070205838234347
420	1144060478109752598	1074830003171437942	1064535845670062277	3087722534944290
440	1150377346245108329	1078250221078443638	1067015636828686886	3104539191341322
460	1156647595639280864	1081657794941034250	1069449172063981801	3120688776182505
480	1162871570340457201	1085052771502389167	1071837242822144592	3136202562117915
500	1169049611857734871	1088435197332885091	1074180624928668847	3151110215735760
520	1175182059179860515	1091805118830734870	1076480078958082744	3165439882722466
540	1181269248793830174	1095162582222623950	1078736350593315226	3179218268410108
560	1187311514703352306	1098507633564344498	1080950170975027210	3192470713967796
580	1193309188447174557	1101840318741427167	1083122257041232834	3205221268478863
600	1199262599117275267	1105160683469770530	1085253311857523712	3217492757131785
620	1205172073376920717	1108468773296268179	1087344024938197757	3229306845739688
640	1211037935478589140	1111764633599433513	1089395072558583090	3240684101791027
660	1216860507281762421	1115048309590022220	1091407118058836966	3251644052222453
680	1222640108270586505	1118319846311652452	1093380812139489595	3262205238094015
700	1228377055571401477	1121579288641422697	1095316793148993017	3272385266336638
720	1234071663970142268	1124826681290527392	1097215687363525728	3282200858732160
740	1239724245929610931	1128062068804870240	1099078109259295030	3291667898277202
760	1245335111606621458	1131285495565675260	1100904661777570285	3300801473073581
780	1250904568869018070	1134497005790095593	1102695936582672119	3309615917879982
800	1256432923312567897	1137696643531820048	1104452514313134646	3318124853452033
820	1261920478277729001	1140884452681677398	1106174964826250225	3326341223790819
840	1267367534866294661	1144060476968238450	1107863847436198877	3334277331413170
860	1272774391957914783	1147224759958415900	1109519711145957491	3341944870750733
880	1278141346226495433	1150377345058061946	1111143094873177281	3349354959778917
900	1283468692156477300	1153518275512563718	1112734527670211291	3356518169971147
920	1288756722058994046	1156647594407436479	1114294528938467691	3363444554668635
940	1294005726087911395	1159765344668914656	1115823608637258454	3370143675950845
960	1299215992255747863	1162871569064540687	1117322267487307331	3376624630087164
980	1304387806449477978	1165966310203751659	1118790997169075471	3382896071645851
1000	1309521452446218887	1169049610538463828	1120230280516057629	3388966236332161
1020	1314617211928801183	1172121512363654924	1121640591703196885	3394842962623595
1040	1319675364501224832	1175182057817944352	1123022396430560719	3400533712266520
1060	1324696187704001026	1178231288884171211	1124376152102416642	3406045589694893
1080	1329679957029380798	1181269247389970191	1125702308001840901	3411385360428513
1100	1334626945936471283	1184295975008345357	1127001305460989466	3416559468505090
1120	1339537425866240394	1187311513258241777	1128273578027156175	3421574052997499
1140	1344411666256410772	1190315903505115063	1129519551624738854	3426434963664777
1160	1349249934556243815	1193309186961498803	1130739644713230277	3431147775782804
1180	1354052496241214605	1196291404687569885	1131934268441347071	3435717804198130
1200	1358819614827578525	1199262597591711742	1133103826797405944	3440150116646064
1220	1363551551886830387	1202222806431075503	1134248716756053155	3444449546371912
1240	1368248567060056838	1205172071812139089	1135369328421449686	3448620704092204
1260	1372910918072182849	1208110434191264215	1136466045167011348	3452667989330705
1280	1377538860746113071	1211037933875251360	1137539243771799874	3456595601162215
1300	1382132649016768813	1213954611021892666	1138589294553657978	3460407548395328
1320	1386692534945021446	1216860505640522802	1139616561499178486	3464107659223714
1340	1391218768731522960	1219755657592567794	1140621402390594721	3467699590373854
1360	1395711598730434458	1222640106592091811	1141604168929676694	3471186835775731
1380	1400171271463053333	1225513892206341947	1142565206858714897	3474572734781500
1400	1404598031631339882	1228377053856290983	1143504856078671074	3477860479955898
1420	1408992122131344073	1231229630817178145	1144423450764572759	3481053124460841
1440	1413353784066533257	1234071662219047847	1145321319478226128	3484153589055498
1460	1417683256761021481	1236903187047286465	1146198785278319296	3487164668731981
1480	1421980777772701195	1239724244143157119	1147056165827986075	3490089039005752
1500	1426246582906278036	1242534872204332466	1147893773499898033	3492929261878805
1520	1430480906226209422	1245335109785425538	1148711915478950636	3495687791492757
1540	1434683980069547649	1248124995298518616	1149510893862607234	3498366979488070
1560	1438856035058688214	1250904567013690138	1150291005758962824	3500969080084755
1580	1442997300114024047	1253673863059539670	1151052543382587513	3503496254899128
1600	1447108002466506364	1256432921423710934	1151795794148207956	3505950577510408
1620	1451188367670112809	1259181779953412900	1152521040762283213	3508334037790217
1640	1455238619614223591	1261920476355938953	1153228561312529820	3510648546007372
1660	1459258980535906275	1264649048199184136	1153918629355449259	3512895936719694
1680	1463249671032109922	1267367532912160493	1154591514001909411	3515077972463960
1700	1467210910071769228	1270075967785510496	1155247480000830107	3517196347254522
1720	1471142915007819331	1272774389972018573	1155886787821021356	3519252689900599
1740	1475045901589121953	1275462836487120751	1156509693731221497	3521248567151670
1760	1478920083972303543	1278141344209412418	1157116449878381071	3523185486679979
1780	1482765674733506013	1280809949881154198	1157707304364236919	3525064899908617
1800	1486582884880050785	1283468690108775962	1158282501320219732	3526888204693254
1820	1490371923862016765	1286117601363378972	1158842280980737044	3528656747865158
1840	1494132999583732831	1288756719981236172	1159386879754872377	3530371827642735
1860	1497866318415185550	1291386082164290638	1159916530296540215	3532034695918454
1880	1501572085203342680	1294005723980652155	1160431461573135262	3533646560427661
1900	1505250503283393107	1296615681365091999	1160931898932713338	3535208586805445
1920	1508901774489903831	1299215990119535861	1161418064169740298	3536721900537407
1940	1512526099167894628	1301806685913554959	1161890175589444261	3538187588809871
1960	1516123676183830955	1304387804284855332	1162348448070805454	3539606702264778
1980	1519694702936535750	1306959380639765329	1162793093128217059	3540980256664266
2000	1523239375368020693	1309521450253721289	1163224318971849470	3542309234469638
2020	1526757887974237523	1312074048271751435	1163642330566749492	3543594586339197
2040	1530250433815750024	1314617209708957969	1164047329690705153	3544837232549197
2060	1533717204528327252	1317150969450997390	1164439514990905940	3546038064341932
2080	1537158390333458561	1319675362254559040	1164819082039427417	3547197945204767
2100	1540574180048791065	1322190422747841870	1165186223387568492	3548317712083736
2120	1543964761098490031	1324696185431029458	1165541128619068675	3549398176535139
2140	1547330319523522848	1327192684676763255	1165883984402232106	3550440125818369
2160	1550671039991867067	1329679954730614096	1166214974540984214	3551444323933070
2180	1553987105808643137	1332158029711551958	1166534280024886366	3552411512603536
2200	1557278698926172331	1334626943612413983	1166842079078132992	3553342412213119
2220	1560545999953960463	1337086730300370780	1167138547207555163	3554237722691282
2240	1563789188168607931	1339537423517390989	1167423857249653905	3555098124355767
2260	1567008441523646598	1341979056880704137	1167698179416685853	3555924278712254
2280	1570203936659304096	1344411663883261778	1167961681341823366	3556716829213741
2300	1573375848912196065	1346835277894196932	1168214528123410534	3557476401981761
2320	1576524352324946867	1349249932159281825	1168456882368336005	3558203606491450
2340	1579649619655739282	1351655659801383937	1168688904234542961	3558899036222371
2360	1582751822387793746	1354052493820920353	1168910751472696118	3559563269276898
2380	1585831130738777628	1356440467096310462	1169122579467024983	3560196868967868
2400	1588887713670145055	1358819612384426949	1169324541275362237	3560800384377130
2420	1591921738896407816	1361189962321045140	1169516787668395512	3561374350886524
2440	1594933372894337856	1363551549421290683	1169699467168150423	3561919290682744
2460	1597922780912101837	1365904406080085570	1169872726085722226	3562435713237476
2480	1600890126978328298	1368248564572592520	1170036708558273036	3562924115764103
2500	1603835573911107898	1370584057054657695	1170191556585311113	3563384983652236
2520	1606759283326927222	1372910915563251814	1170337410064268266	3563818790881228
2540	1609661415649536689	1375229172016909605	1170474406825391086	3564226000413804
2560	1612542130118752971	1377538858216167647	1170602682665961227	3564607064570834
2580	1615401584799196484	1379840005844000604	1170722371383859648	3564962425388284
2600	1618239936588964385	1382132646466255822	1170833604810489336	3565292514957254
2620	1621057341228239552	1384416811532086333	1170936512843070616	3565597755748034
2640	1623853953307836041	1386692532374382262	1171031223476322856	3565878560919002
2660	1626629926277681480	1388959840210200626	1171117862833546031	3566135334611184
2680	1629385412455236850	1391218766141193562	1171196555197115198	3566368472229228
2700	1632120563033854143	1393469341154034953	1171267423038400739	3566578360709526
2720	1634835528091072315	1395711596120845486	1171330587047126767	3566765378776152
2740	1637530456596852049	1397945561799616150	1171386166160179903	3566929897185278
2760	1640205496421749717	1400171268834630145	1171434277589880263	3567072278958671
2780	1642860794345031036	1402388747756883243	1171475036851726236	3567192879606855
2800	1645496496062724825	1404598028984502600	1171508557791624311	3567292047342490
2820	1648112746195617352	1406799142823164017	1171534952612614997	3567370123284479
2840	1650709688297187649	1408992119466507650	1171554331901105556	3567427441653308
2860	1653287464861484302	1411176988996552190	1171566804652620049	3567464329958073
2880	1655846217330944079	1413353781384107518	1171572478297076898	3567481109175642
2900	1658386086104152862	1415522526489185820	1171571458723603977	3567478093922365
2920	1660907210543549326	1417683254061411188	1171563850304900957	3567455592618734
2940	1663409728983071736	1419835993740427720	1171549755921158408	3567413907647354
2960	1665893778735748314	1421980775056306087	1171529276983542951	3567353335504591
2980	1668359496101231617	1424117627429948625	1171502513457257537	3567274166946222
3000	1670807016373277269	1426246580173492896	1171469563884185663	3567176687127408
3020	1673236473847167532	1428367662490713790	1171430525405128184	3567061175737290
3040	1675648001827080082	1430480903477424118	1171385493781641165	3566927907128478
3060	1678041732633402390	1432586332121873735	1171334563417482969	3566777150441726
3080	1680417797609992143	1434683977305147183	1171277827379678671	3566609169726017
3100	1682776327131384072	1436773867801559872	1171215377419209613	3566424224054310
3120	1685117450609943588	1438856032279052779	1171147303991335787	3566222567635183
3140	1687441296502967638	1440930499299585705	1171073696275558541	3566004449920567
3160	1689747992319733141	1442997297319529077	1170994642195230904	3565770115709788
3180	1692037664628493421	1445056454690054280	1170910228436822724	3565519805250094
3200	1694310439063422997	1447107999657522580	1170820540468847545	3565253754333861
3220	1696566440331511122	1449151960363872581	1170725662560458090	3564972194392638
3240	1698805792219404446	1451188364847006266	1170625677799717000	3564675352588191
3260	1701028617600199181	1453217241041173604	1170520668111549340	3564363451900706
3280	1703235038440183142	1455238616777355733	1170410714275383261	3564036711214281
3300	1705425175805528031	1457252519783646732	1170295895942485004	3563695345399859
3320	1707599149868932328	1459258977685633980	1170176291652994354	3563339565395709
3340	1709757079916215157	1461258018006777111	1170051978852666479	3562969578285594
3360	1711899084352861497	1463249668168785556	1169923033909325957	3562585587374729
3380	1714025280710519075	1465233955491994705	1169789532129038683	3562187792263636
3400	1716135785653447333	1467210907195740677	1169651547772007187	3561776388920001
3420	1718230714984918775	1469180550398733689	1169509154068194811	3561351569748627
3440	1720310183653573095	1471142912119430062	1169362423232684041	3560913523659572
3460	1722374305759724397	1473098019276402844	1169211426480774176	3560462436134557
3480	1724423194561621869	1475045898688711059	1169056234042823427	3559998489291724
3500	1726456962481664266	1476986577076267605	1168896915178840380	3559521861948815
3520	1728475721112568506	1478920081060205775	1168733538192829699	3559032729684855
3540	1730479581223492771	1480846437163244434	1168566170446896803	3558531264900389
3560	1732468652766114390	1482765671810051842	1168394878375116156	3558017636876354
3580	1734443044880662888	1484677811327608129	1168219727497167717	3557492011831626
3600	1736402865901908501	1486582881945566442	1168040782431745975	3556954552979317
3620	1738348223365106501	1488480909796612741	1167858106909745943	3556405420581857
3640	1740279224011897642	1490371920916824280	1167671763787230317	3555844772004931
3660	1742195973796165074	1492255941246026739	1167481815058182019	3555272761770292
3680	1744098577889848025	1494132996628150079	1167288321867046107	3554689541607519
3700	1745987140688712574	1496003112811583033	1167091344521065123	3554095260504747
3720	1747861765818079843	1497866315449526308	1166890942502411719	3553490064758407
3740	1749722556138511913	1499722630100344493	1166687174480122374	3552874098022023
3760	1751569613751455773	1501572082227916649	1166480098321835961	3552247501354095
3780	1753403040004845628	1503414697201985605	1166269771105340793	3551610413265093
3800	1755222935498663841	1505250500298505968	1166056249129933725	3550962969763607
3820	1757029400090460857	1507079516699990848	1165839587927594813	3550305304401674
3840	1758822532900834379	1508901771495857292	1165619842273980954	3549637548319306
3860	1760602432318868109	1510717289682770447	1165397066199241865	3548959830288249
3880	1762369196007530342	1512526096164986452	1165171312998661654	3548272276755003
3900	1764122920909032746	1514328215754694066	1164942635243129241	3547575011883108
3920	1765863703250149556	1516123673172355014	1164711084789440740	3546868157594741
3940	1767591638547497541	1517912493047043105	1164476712790436886	3546151833611620
3960	1769306821612776992	1519694699916782062	1164239569704978542	3545426157495253
3980	1771009346557974038	1521470318228882136	1163999705307763218	3544691244686542
4000	1772699306800524557	1523239372340275454	1163757168698985503	3543947208544753
4020	1774376795068439986	1525001886517850131	1163512008313844241	3543194160385880
4040	1776041903405395303	1526757884938783159	1163264271931899232	3542432209520414
4060	1777694723175779472	1528507391690872042	1163014006686280179	3541661463290520
4080	1779335345069708574	1530250430772865231	1162761259072750501	3540882027106651
4100	1780963859108001987	1531987026094791319	1162506074958628680	3540094004483606
4120	1782580354647121818	1533717201478287028	1162248499591569668	3539297497076040
4140	1784184920384075881	1535440980656923977	1161988577608208834	3538492604713437
4160	1785777644361284507	1537158387276534252	1161726353042670947	3537679425434568
4180	1787358613971411417	1538869444895534763	1161461869334946562	3536858055521428
4200	1788927915962158958	1540574176985250400	1161195169339138184	3536028589532672
4220	1790485636441027934	1542272606930236008	1160926295331578491	3535191120336559
4240	1792031860880042333	1543964758028597163	1160655289018822909	3534345739143404
4260	1793566674120439164	1545650653492309753	1160382191545518732	3533492535537556
4280	1795090160377323683	1547330316447538391	1160107043502152954	3532631597508907
4300	1796602403244290285	1549003769934953654	1159829884932680956	3531763011483932
4320	1798103485698009273	1550671036910048135	1159550755342038125	3530886862356280
4340	1799593490102779781	1552332140243451331	1159269693703536441	3530003233516911
4360	1801072498215049099	1553987102721243377	1158986738466148050	3529112206883793
4380	1802540591187898642	1555635947045267608	1158701927561677772	3528213862931156
4400	1803997849575496820	1557278695833441972	1158415298411826483	3527308280718327
4420	1805444353337519035	1558915371620069283	1158126887935147253	3526395537918127
4440	1806880181843535064	1560545996856146343	1157836732553896072	3525475710844858
4460	1808305413877364064	1562170593909671910	1157544868200779009	3524548874481866
4480	1809720127641397439	1563789185065953530	1157251330325597570	3523615102508701
4500	1811124400760889786	1565401792527913227	1156956153901793981	3522674467327871
4520	1812518310288218207	1567008438416392079	1156659373432898142	3521727040091197
4540	1813901932707110151	1568609144770453659	1156361022958877890	3520772890725762
4560	1815275343936840083	1570203933547686344	1156061136062394254	3519812087959487
4580	1816638619336395167	1571792826624504534	1155759745874963279	3518844699346301
4600	1817991833708610205	1573375845796448724	1155456885083026028	3517870791290940
4620	1819335061304272067	1574953012778484489	1155152585933928309	3516890429073365
4640	1820668375826193826	1576524349205300360	1154846880241811626	3515903676872800
4660	1821991850433258826	1578089876631604596	1154539799393416879	3514910597791405
4680	1823305557744434908	1579649616532420860	1154231374353802265	3513911253877577
4700	1824609569842759007	1581203590303382793	1153921635671976812	3512905706148891
4720	1825903958279292338	1582751819261027519	1153610613486450952	3511894014614676
4740	1827188794077046410	1584294324643088047	1153298337530705535	3510876238298241
4760	1828464147734880041	1585831127608784596	1152984837138580620	3509852435258742
4780	1829730089231367638	1587362249239114853	1152670141249585394	3508822662612700
4800	1830986688028638910	1588887710537143143	1152354278414130498	3507786976555180
4820	1832234013076190247	1590407532428288540	1152037276798684073	3506745432380618
4840	1833472132814667985	1591921735760611912	1151719164190852763	3505698084503313
4860	1834701115179623733	1593430341305101901	1151399968004388917	3504644986477583
4880	1835921027605241991	1594933369755959844	1151079715284125202	3503586191017585
4900	1837131937028040268	1596430841730883648	1150758432710837817	3502521750016812
4920	1838333909890541873	1597922777771350616	1150436146606039452	3501451714567257
4940	1839527012144921619	1599409198342899219	1150112882936703189	3500376134978255
4960	1840711309256624617	1600890123835409829	1149788667319918421	3499295060795010
4980	1841886866207958353	1602365574563384419	1149463525027479907	3498208540816798
5000	1843053747501658268	1603835570766225228	1149137480990411054	3497116623114862
5020	1844212017164427018	1605300132608512384	1148810559803422491	3496019355049994
5040	1845361738750447619	1606759280180280524	1148482785729306959	3494916783289808
5060	1846502975344870651	1608213033497294369	1148154182703271568	3493808953825716
5080	1847635789567275750	1609661412501323287	1147824774337208413	3492695911989591
5100	1848760243575107528	1611104437060414850	1147494583923904534	3491577702470145
5120	1849876399067086153	1612542126969167370	1147163634441192197	3490454369329001
5140	1850984317286592757	1613974501949001430	1146831948556040457	3489325956016482
5160	1852084059025029852	1615401581648430409	1146499548628588918	3488192505387105
5180	1853175684625156948	1616823385643330009	1146166456716124630	3487054059714790
5200	1854259253984401565	1618239933437206797	1145832694577003003	3485910660707795
5220	1855334826558145796	1619651244461465725	1145498283674513648	3484762349523355
5240	1856402461362988620	1621057338075676691	1145163245180692005	3483609166782063
5260	1857462216979984132	1622458233567840101	1144827599980077593	3482451152581966
5280	1858514151557855901	1623853950154651454	1144491368673419764	3481288346512391
5300	1859558322816187566	1625244506981764934	1144154571581331750	3480120787667511
5320	1860594788048589919	1626629923124056049	1143817228747893827	3478948514659639
5340	1861623604125844595	1628010217585883291	1143479359944206382	3477771565632267
5360	1862644827499024570	1629385409301348823	1143140984671893682	3476589978272842
5380	1863658514202591633	1630755517134558199	1142802122166559114	3475403789825293
5400	1864664719857470988	1632120559879879149	1142462791401192606	3474213037102297
5420	1865663499674103166	1633480556262199377	1142123011089531033	3473017756497306
5440	1866654908455473429	1634835524937183419	1141782799689372302	3471817983996320
5460	1867639000600118797	1636185484491528556	1141442175405843827	3470613755189426
5480	1868615830105112900	1637530453443219765	1141101156194626124	3469405105282085
5500	1869585450569028791	1638870450241783752	1140759759765132180	3468192069106193
5520	1870547915194879895	1640205493268542031	1140418003583643299	3466974681130904
5540	1871503276793039252	1641535600836863057	1140075904876402108	3465752975473222
5560	1872451587784137230	1642860791192413445	1139733480632663336	3464526985908363
5580	1873392900201937825	1644181082513408257	1139390747607703037	3463296745879898
5600	1874327265696193767	1645496492910860358	1139047722325786890	3462062288509668
5620	1875254735535480526	1646807040428828853	1138704421083098203	3460823646607481
5640	1876175360610009425	1648112743044666601	1138360859950626206	3459580852680601
5660	1877089191434419977	1649413618669266823	1138017054777015270	3458333938943007
